  0.0000000E+00     1   1.0000000E+00   1.0000000E-01   1.0000000E+00   3.5999999E+02   1.0761914E-05   2.0000000E+01   2.9999997E+02
  0.0000000E+00     2   3.0000000E+00   2.0000000E-01   2.0000000E+00   2.3660469E-06   3.6000000E+02   0.0000000E+00   3.4000000E+02
  0.0000000E+00     3   4.0000000E+00   2.0000000E-01   2.0000000E+00   1.6730478E-06   3.6000000E+02   0.0000000E+00   3.4000000E+02
  1.0000000E+01     1   9.9999394E-01   9.9966900E-02   1.0000624E+00   6.1186083E-02   3.5999747E+02   2.0005162E+01   2.2054020E+02
  1.0000000E+01     2   2.9981693E+00   1.9991365E-01   2.0000038E+00   3.3368748E+02   3.5984946E+02   3.5999949E+02   2.6084757E+02
  1.0000000E+01     3   4.0004822E+00   2.0001081E-01   2.0000611E+00   8.9845261E+01   1.5787704E-01   3.5999769E+02   2.6023432E+02
  2.0000000E+01     1   9.9999377E-01   9.9974017E-02   1.0001334E+00   1.1084290E-01   4.5130610E-03   2.0010386E+01   1.4121810E+02
  2.0000000E+01     2   2.9976693E+00   1.9907002E-01   2.0000085E+00   3.0735789E+02   3.5976817E+02   3.5999848E+02   1.8171459E+02
  2.0000000E+01     3   4.0004661E+00   2.0079056E-01   2.0001109E+00   1.7974414E+02   2.3852174E-01   3.5999891E+02   1.8077304E+02
  3.0000000E+01     1   9.9999452E-01   9.9980983E-02   1.0002089E+00   1.8120349E-01   5.3096722E-04   2.0014311E+01   6.2206579E+01
  3.0000000E+01     2   2.9975910E+00   1.9868141E-01   2.0000120E+00   2.8095811E+02   3.5985517E+02   3.5999749E+02   1.0253095E+02
  3.0000000E+01     3   4.0013612E+00   2.0119520E-01   2.0000608E+00   2.6968559E+02   1.7913175E-01   2.5935320E-04   1.0187748E+02
  4.0000000E+01     1   9.9999831E-01   9.9975864E-02   1.0002643E+00   2.4284650E-01   3.5999445E+02   2.0019312E+01   3.4353923E+02
  4.0000000E+01     2   2.9969085E+00   1.9861151E-01   2.0000253E+00   2.5471177E+02   3.5989994E+02   3.5999607E+02   2.3774724E+01
  4.0000000E+01     3   4.0024338E+00   2.0140845E-01   1.9999810E+00   3.5952417E+02   1.2538850E-01   3.5999837E+02   2.3319231E+01
  5.0000000E+01     1   9.9999496E-01   9.9978354E-02   1.0003406E+00   3.0439800E-01   3.5999183E+02   2.0024667E+01   2.6491145E+02
  5.0000000E+01     2   2.9970013E+00   1.9848075E-01   2.0000231E+00   2.2833380E+02   9.3692461E-02   3.5999429E+02   3.0476849E+02
  5.0000000E+01     3   4.0015103E+00   2.0133783E-01   2.0000413E+00   8.9405515E+01   8.9106656E-03   3.5999605E+02   3.0493452E+02
  6.0000000E+01     1   9.9999685E-01   9.9976149E-02   1.0004013E+00   3.7717025E-01   3.5998274E+02   2.0029001E+01   1.8614033E+02
  6.0000000E+01     2   2.9971080E+00   1.9876153E-01   2.0000172E+00   2.0199112E+02   2.0048700E-01   3.5999264E+02   2.2577757E+02
  6.0000000E+01     3   4.0014255E+00   2.0116610E-01   2.0000915E+00   1.7935804E+02   3.5987051E+02   3.5999724E+02   2.2642832E+02
  7.0000000E+01     1   9.9999678E-01   9.9968081E-02   1.0004681E+00   4.2935738E-01   3.5998426E+02   2.0034401E+01   1.0742389E+02
  7.0000000E+01     2   2.9971065E+00   1.9879642E-01   2.0000077E+00   1.7574573E+02   2.3336920E-01   3.5999065E+02   1.4701318E+02
  7.0000000E+01     3   4.0011373E+00   2.0099617E-01   2.0000424E+00   2.6918096E+02   3.5985124E+02   3.5999860E+02   1.4776154E+02
  8.0000000E+01     1   9.9999616E-01   9.9972842E-02   1.0005444E+00   5.0053652E-01   3.5997458E+02   2.0039444E+01   2.8299144E+01
  8.0000000E+01     2   2.9974550E+00   1.9956507E-01   1.9999796E+00   1.4935367E+02   2.7142407E-01   3.5998882E+02   6.7806705E+01
  8.0000000E+01     3   4.0013713E+00   2.0044589E-01   1.9999623E+00   3.5910194E+02   3.5984507E+02   3.5999674E+02   6.8643572E+01
  9.0000000E+01     1   9.9999595E-01   9.9954626E-02   1.0006112E+00   5.6454093E-01   3.5997040E+02   2.0044263E+01   3.0880766E+02
  9.0000000E+01     2   2.9980735E+00   1.9988670E-01   1.9999538E+00   1.2309778E+02   5.3756092E-02   3.5998719E+02   3.4875509E+02
  9.0000000E+01     3   4.0005737E+00   1.9981346E-01   2.0000216E+00   8.8877691E+01   8.0264066E-02   3.5999441E+02   3.4868764E+02
  1.0000000E+02     1   9.9999469E-01   9.9957174E-02   1.0006809E+00   6.1737576E-01   3.5997141E+02   2.0049535E+01   2.2944583E+02
  1.0000000E+02     2   2.9979312E+00   1.9999206E-01   1.9999167E+00   9.6664540E+01   5.8623871E-02   3.5998551E+02   2.6939944E+02
  1.0000000E+02     3   4.0001488E+00   1.9977932E-01   2.0000720E+00   1.7884717E+02   9.6519436E-02   3.5999558E+02   2.6930351E+02
  1.1000000E+02     1   9.9999392E-01   9.9952649E-02   1.0007552E+00   6.8525726E-01   3.5996809E+02   2.0053533E+01   1.4994062E+02
  1.1000000E+02     2   2.9979933E+00   1.9945165E-01   1.9998729E+00   7.0397207E+01   3.5984858E+02   3.5998446E+02   1.9031778E+02
  1.1000000E+02     3   4.0001209E+00   2.0039699E-01   2.0000235E+00   2.6865640E+02   3.2109879E-01   3.5999694E+02   1.8934780E+02
  1.2000000E+02     1   9.9999801E-01   9.9946740E-02   1.0008097E+00   7.4130698E-01   3.5996776E+02   2.0058595E+01   7.0763666E+01
  1.2000000E+02     2   2.9978077E+00   1.9882221E-01   1.9998432E+00   4.3964252E+01   3.5991347E+02   3.5998362E+02   1.1102219E+02
  1.2000000E+02     3   4.0025488E+00   2.0120719E-01   1.9999437E+00   3.5862093E+02   2.8717931E-01   3.5999510E+02   1.1025182E+02
  1.3000000E+02     1   9.9999984E-01   9.9961363E-02   1.0008873E+00   7.9957125E-01   3.5996475E+02   2.0063984E+01   3.5205596E+02
  1.3000000E+02     2   2.9976541E+00   1.9888480E-01   1.9998127E+00   1.7758355E+01   3.5990597E+02   3.5998292E+02   3.2335650E+01
  1.3000000E+02     3   4.0021690E+00   2.0115774E-01   2.0000024E+00   8.8401265E+01   2.9669594E-01   3.5999276E+02   3.1534516E+01
  1.4000000E+02     1   9.9999716E-01   9.9952640E-02   1.0009510E+00   8.7955879E-01   3.5994824E+02   2.0068361E+01   2.7336273E+02
  1.4000000E+02     2   2.9978955E+00   1.9854095E-01   1.9997977E+00   3.5140902E+02   3.9092455E-02   3.5998259E+02   3.1335257E+02
  1.4000000E+02     3   4.0006223E+00   2.0147749E-01   2.0000532E+00   1.7836990E+02   1.3454201E-01   3.5999392E+02   3.1313900E+02
  1.5000000E+02     1   9.9999463E-01   9.9929775E-02   1.0010153E+00   9.2661696E-01   3.5995429E+02   2.0073558E+01   1.9467555E+02
  1.5000000E+02     2   2.9972497E+00   1.9864591E-01   1.9998043E+00   3.2504504E+02   2.0165911E-01   3.5998187E+02   2.3436419E+02
  1.5000000E+02     3   4.0020279E+00   2.0133124E-01   2.0000058E+00   2.6832854E+02   3.5997608E+02   3.5999528E+02   2.3478853E+02
  1.6000000E+02     1   9.9999493E-01   9.9942186E-02   1.0010930E+00   9.8470499E-01   3.5995407E+02   2.0078676E+01   1.1603555E+02
  1.6000000E+02     2   2.9972394E+00   1.9861711E-01   1.9998059E+00   2.9884034E+02   2.1834030E-01   3.5998082E+02   1.5570273E+02
  1.6000000E+02     3   4.0026580E+00   2.0137926E-01   1.9999256E+00   3.5811524E+02   3.5996112E+02   3.5999348E+02   1.5619185E+02
  1.7000000E+02     1   9.9999564E-01   9.9938846E-02   1.0011624E+00   1.0526848E+00   3.5994773E+02   2.0082779E+01   3.7071810E+01
  1.7000000E+02     2   2.9974397E+00   1.9912711E-01   1.9998129E+00   2.7241301E+02   3.4587361E-01   3.5997979E+02   7.6481497E+01
  1.7000000E+02     3   4.0008253E+00   2.0070015E-01   1.9999833E+00   8.8042924E+01   3.5989571E+02   3.5999111E+02   7.7359181E+01
  1.8000000E+02     1   9.9999748E-01   9.9939601E-02   1.0012187E+00   1.1052049E+00   3.5994689E+02   2.0087926E+01   3.1776034E+02
  1.8000000E+02     2   2.9975109E+00   1.9988729E-01   1.9998231E+00   2.4610330E+02   2.4185105E-01   3.5997818E+02   3.5738991E+02
  1.8000000E+02     3   4.0004011E+00   1.9992070E-01   2.0000345E+00   1.7792824E+02   3.5998714E+02   3.5999224E+02   3.5787120E+02
  1.9000000E+02     1   9.9999585E-01   9.9945007E-02   1.0012956E+00   1.1704975E+00   3.5994225E+02   2.0092610E+01   2.3846557E+02
  1.9000000E+02     2   2.9976992E+00   1.9984987E-01   1.9998164E+00   2.1969639E+02   2.4071144E-01   3.5997645E+02   2.7810098E+02
  1.9000000E+02     3   4.0003276E+00   1.9990630E-01   1.9999873E+00   2.6787338E+02   1.0283333E-02   3.5999361E+02   2.7852752E+02
  2.0000000E+02     1   9.9999879E-01   9.9934529E-02   1.0013542E+00   1.2371381E+00   3.5993234E+02   2.0097500E+01   1.5884420E+02
  2.0000000E+02     2   2.9975176E+00   1.9988591E-01   1.9998116E+00   1.9345973E+02   3.5995584E+02   3.5997472E+02   1.9904276E+02
  2.0000000E+02     3   4.0010324E+00   2.0011880E-01   1.9999077E+00   3.5764288E+02   3.0019486E-01   3.5999182E+02   1.9831985E+02
  2.1000000E+02     1   9.9999585E-01   9.9930171E-02   1.0014296E+00   1.2883166E+00   3.5993268E+02   2.0103196E+01   7.9481401E+01
  2.1000000E+02     2   2.9972493E+00   1.9904960E-01   1.9997946E+00   1.6708798E+02   3.5989843E+02   3.5997271E+02   1.1981088E+02
  2.1000000E+02     3   4.0014285E+00   2.0072844E-01   1.9999649E+00   8.7516606E+01   4.0420313E-01   3.5998946E+02   1.1876582E+02
  2.2000000E+02     1   9.9999605E-01   9.9931910E-02   1.0014995E+00   1.3585530E+00   3.5992412E+02   2.0107579E+01   6.5215304E-01
  2.2000000E+02     2   2.9972133E+00   1.9903332E-01   1.9997655E+00   1.4081779E+02   3.5991312E+02   3.5997102E+02   4.0947264E+01
  2.2000000E+02     3   4.0013288E+00   2.0085845E-01   2.0000158E+00   1.7736616E+02   3.8728826E-01   3.5999059E+02   3.9959805E+01
  2.3000000E+02     1   9.9999681E-01   9.9917518E-02   1.0015651E+00   1.4109208E+00   3.5992503E+02   2.0112534E+01   2.8179344E+02
  2.3000000E+02     2   2.9972771E+00   1.9852982E-01   1.9997387E+00   1.1445669E+02   1.2991773E-02   3.5996934E+02   3.2190390E+02
  2.3000000E+02     3   4.0009446E+00   2.0127920E-01   1.9999696E+00   2.6731901E+02   2.8184984E-01   3.5999195E+02   3.2132097E+02
  2.4000000E+02     1   9.9999515E-01   9.9920959E-02   1.0016418E+00   1.4694354E+00   3.5992038E+02   2.0117723E+01   2.0317525E+02
  2.4000000E+02     2   2.9972196E+00   1.9852076E-01   1.9996956E+00   8.8071646E+01   2.1353101E-01   3.5996783E+02   2.4288875E+02
  2.4000000E+02     3   4.0025740E+00   2.0149572E-01   1.9998901E+00   3.5723227E+02   1.4389592E-01   3.5999020E+02   2.4298328E+02
  2.5000000E+02     1   9.9999486E-01   9.9908093E-02   1.0017099E+00   1.5334748E+00   3.5991732E+02   2.0121915E+01   1.2457298E+02
  2.5000000E+02     2   2.9975399E+00   1.9855555E-01   1.9996575E+00   6.1864455E+01   2.4334124E-01   3.5996693E+02   1.6423092E+02
  2.5000000E+02     3   4.0023634E+00   2.0136261E-01   1.9999459E+00   8.7004341E+01   1.2950116E-01   3.5998782E+02   1.6441680E+02
  2.6000000E+02     1   9.9999870E-01   9.9913866E-02   1.0017658E+00   1.5793987E+00   3.5992159E+02   2.0127083E+01   4.5719636E+01
  2.6000000E+02     2   2.9979905E+00   1.9888058E-01   1.9996280E+00   3.5467064E+01   3.8187253E-01   3.5996608E+02   8.5121075E+01
  2.6000000E+02     3   4.0005318E+00   2.0107671E-01   1.9999982E+00   1.7697971E+02   3.5999552E+02   3.5998891E+02   8.5848115E+01
  2.7000000E+02     1   1.0000010E+00   9.9929126E-02   1.0018453E+00   1.6451943E+00   3.5991263E+02   2.0131854E+01   3.2664036E+02
  2.7000000E+02     2   2.9981807E+00   1.9968888E-01   1.9995985E+00   9.1295234E+00   3.7794526E-01   3.5996553E+02   6.0423701E+00
  2.7000000E+02     3   4.0005277E+00   2.0033951E-01   1.9999527E+00   2.6691307E+02   3.5998776E+02   3.5999026E+02   6.7732736E+00
  2.8000000E+02     1   9.9999684E-01   9.9904458E-02   1.0019051E+00   1.7173363E+00   3.5989789E+02   2.0136673E+01   2.4748382E+02
  2.8000000E+02     2   2.9990055E+00   1.9967935E-01   1.9995936E+00   3.4283119E+02   3.0526482E-01   3.5996516E+02   2.8701210E+02
  2.8000000E+02     3   4.0010239E+00   2.0031242E-01   1.9998725E+00   3.5679971E+02   3.1794022E-02   3.5998854E+02   2.8751227E+02
  2.9000000E+02     1   9.9999442E-01   9.9891082E-02   1.0019775E+00   1.7570873E+00   3.5990675E+02   2.0142244E+01   1.6783452E+02
  2.9000000E+02     2   2.9981209E+00   2.0005344E-01   1.9995999E+00   3.1648330E+02   1.3198012E-01   3.5996425E+02   2.0774004E+02
  2.9000000E+02     3   4.0002118E+00   1.9981783E-01   1.9999280E+00   8.6644775E+01   2.4417719E-01   3.5998616E+02   2.0747183E+02
  3.0000000E+02     1   9.9999497E-01   9.9908258E-02   1.0020524E+00   1.8186792E+00   3.5990456E+02   2.0146571E+01   8.8320489E+01
  3.0000000E+02     2   2.9976257E+00   1.9939373E-01   1.9995998E+00   2.9019304E+02   3.5994124E+02   3.5996324E+02   1.2861379E+02
  3.0000000E+02     3   4.0003510E+00   2.0043387E-01   1.9999801E+00   1.7648534E+02   4.4024055E-01   3.5998724E+02   1.2756781E+02
  3.1000000E+02     1   9.9999780E-01   9.9901583E-02   1.0021137E+00   1.8770929E+00   3.5990091E+02   2.0150705E+01   9.2111969E+00
  3.1000000E+02     2   2.9980404E+00   1.9903159E-01   1.9996107E+00   2.6382526E+02   3.5996041E+02   3.5996205E+02   4.9469526E+01
  3.1000000E+02     3   4.0004868E+00   2.0080332E-01   1.9999351E+00   2.6638893E+02   4.5546045E-01   3.5998860E+02   4.8426307E+01
  3.2000000E+02     1   9.9999801E-01   9.9904899E-02   1.0021796E+00   1.9307405E+00   3.5989660E+02   2.0156279E+01   2.9036016E+02
  3.2000000E+02     2   2.9969603E+00   1.9881119E-01   1.9996144E+00   2.3751674E+02   6.1328518E-03   3.5996030E+02   3.3053305E+02
  3.2000000E+02     3   4.0021627E+00   2.0123081E-01   1.9998551E+00   3.5629736E+02   3.8739111E-01   3.5998690E+02   3.2971734E+02
  3.3000000E+02     1   9.9999638E-01   9.9902214E-02   1.0022548E+00   1.9975781E+00   3.5988867E+02   2.0160861E+01   2.1168320E+02
  3.3000000E+02     2   2.9969645E+00   1.9849524E-01   1.9996055E+00   2.1113660E+02   1.8120994E-01   3.5995865E+02   2.5150256E+02
  3.3000000E+02     3   4.0016355E+00   2.0133067E-01   1.9999102E+00   8.6179794E+01   2.8724248E-01   3.5998451E+02   2.5123876E+02
  3.4000000E+02     1   9.9999860E-01   9.9894666E-02   1.0023108E+00   2.0508091E+00   3.5988549E+02   2.0165916E+01   1.3299522E+02
  3.4000000E+02     2   2.9972655E+00   1.9855686E-01   1.9995992E+00   1.8482853E+02   2.8140371E-01   3.5995682E+02   1.7262159E+02
  3.4000000E+02     3   4.0013455E+00   2.0138731E-01   1.9999627E+00   1.7610201E+02   1.6105169E-01   3.5998557E+02   1.7280478E+02
  3.5000000E+02     1   9.9999629E-01   9.9897580E-02   1.0023901E+00   2.1038750E+00   3.5988459E+02   2.0171058E+01   5.4325724E+01
  3.5000000E+02     2   2.9970980E+00   1.9863075E-01   1.9995754E+00   1.5857000E+02   3.4065656E-01   3.5995486E+02   9.3846001E+01
  3.5000000E+02     3   4.0011377E+00   2.0117967E-01   1.9999186E+00   2.6594553E+02   1.1083050E-01   3.5998694E+02   9.4241497E+01
  3.6000000E+02     1   9.9999785E-01   9.9888745E-02   1.0024568E+00   2.1723948E+00   3.5987319E+02   2.0175655E+01   3.3542091E+02
  3.6000000E+02     2   2.9973372E+00   1.9924293E-01   1.9995473E+00   1.3217523E+02   4.5143227E-01   3.5995328E+02   1.4709173E+01
  3.6000000E+02     3   4.0016674E+00   2.0077170E-01   1.9998391E+00   3.5587661E+02   3.8272079E-02   3.5998525E+02   1.5471553E+01
  3.7000000E+02     1   9.9999610E-01   9.9876907E-02   1.0025285E+00   2.2170213E+00   3.5987561E+02   2.0181124E+01   2.5616145E+02
  3.7000000E+02     2   2.9983704E+00   1.9971080E-01   1.9995168E+00   1.0587345E+02   3.5787298E-01   3.5995157E+02   2.9565603E+02
  3.7000000E+02     3   4.0005065E+00   2.0001519E-01   1.9998924E+00   8.5717274E+01   1.4721063E-01   3.5998284E+02   2.9601483E+02
  3.8000000E+02     1   9.9999477E-01   9.9882849E-02   1.0026024E+00   2.2767925E+00   3.5987129E+02   2.0185542E+01   1.7683391E+02
  3.8000000E+02     2   2.9980623E+00   1.9991837E-01   1.9994718E+00   7.9458540E+01   3.5158176E-01   3.5995028E+02   2.1634386E+02
  3.8000000E+02     3   4.0000827E+00   1.9987900E-01   1.9999447E+00   1.7566926E+02   1.7353819E-01   3.5998388E+02   2.1663275E+02
  3.9000000E+02     1   9.9999719E-01   9.9870551E-02   1.0026627E+00   2.3301259E+00   3.5987279E+02   2.0189755E+01   9.7230769E+01
  3.9000000E+02     2   2.9982646E+00   1.9981288E-01   1.9994377E+00   5.3225932E+01   7.4124787E-02   3.5994946E+02   1.3730870E+02
  3.9000000E+02     3   3.9998164E+00   2.0007495E-01   1.9999018E+00   2.6543668E+02   4.7531854E-01   3.5998524E+02   1.3643474E+02
  4.0000000E+02     1   1.0000013E+00   9.9883483E-02   1.0027286E+00   2.3774268E+00   3.5987140E+02   2.0195341E+01   1.7832852E+01
  4.0000000E+02     2   2.9982107E+00   1.9913007E-01   1.9994077E+00   2.6809858E+01   4.4991732E-02   3.5994865E+02   5.7979049E+01
  4.0000000E+02     3   4.0021863E+00   2.0093295E-01   1.9998221E+00   3.5539972E+02   5.1407285E-01   3.5998358E+02   5.6971028E+01
  4.1000000E+02     1   9.9999935E-01   9.9883418E-02   1.0028074E+00   2.4489108E+00   3.5985628E+02   2.0200011E+01   2.9900925E+02
  4.1000000E+02     2   2.9977883E+00   1.9915275E-01   1.9993841E+00   5.7835489E-01   1.5771817E-02   3.5994822E+02   3.3919385E+02
  4.1000000E+02     3   4.0017860E+00   2.0090485E-01   1.9998749E+00   8.5206671E+01   5.3696064E-01   3.5998117E+02   3.3808557E+02
  4.2000000E+02     1   9.9999609E-01   9.9859207E-02   1.0028624E+00   2.5025369E+00   3.5985299E+02   2.0204906E+01   2.2022424E+02
  4.2000000E+02     2   2.9977394E+00   1.9858710E-01   1.9993863E+00   3.3422752E+02   1.2496750E-01   3.5994767E+02   2.6019475E+02
  4.2000000E+02     3   4.0006335E+00   2.0138277E-01   1.9999277E+00   1.7517589E+02   4.0351705E-01   3.5998222E+02   2.5956856E+02
  4.3000000E+02     1   9.9999535E-01   9.9861348E-02   1.0029401E+00   2.5411861E+00   3.5986222E+02   2.0210052E+01   1.4150804E+02
  4.3000000E+02     2   2.9970790E+00   1.9854252E-01   1.9993885E+00   3.0784290E+02   2.9913621E-01   3.5994665E+02   1.8116101E+02
  4.3000000E+02     3   4.0020882E+00   2.0140772E-01   1.9998857E+00   2.6513643E+02   2.5055337E-01   3.5998358E+02   1.8118432E+02
  4.4000000E+02     1   9.9999695E-01   9.9869792E-02   1.0030125E+00   2.6074388E+00   3.5985270E+02   2.0214278E+01   6.2928377E+01
  4.4000000E+02     2   2.9970236E+00   1.9853557E-01   1.9993905E+00   2.8164670E+02   3.1990640E-01   3.5994564E+02   1.0253123E+02
  4.4000000E+02     3   4.0026117E+00   2.0146485E-01   1.9998056E+00   3.5492413E+02   2.2547735E-01   3.5998196E+02   1.0264745E+02
  4.5000000E+02     1   9.9999825E-01   9.9859510E-02   1.0030741E+00   2.6557631E+00   3.5985121E+02   2.0219142E+01   3.4415389E+02
  4.5000000E+02     2   2.9972218E+00   1.9887752E-01   1.9994010E+00   2.5523941E+02   4.8988999E-01   3.5994427E+02   2.3426273E+01
  4.5000000E+02     3   4.0011177E+00   2.0095979E-01   1.9998584E+00   8.4830488E+01   1.3454037E-01   3.5997952E+02   2.4066479E+01
  4.6000000E+02     1   9.9999738E-01   9.9870355E-02   1.0031429E+00   2.7092716E+00   3.5984769E+02   2.0224260E+01   2.6503302E+02
  4.6000000E+02     2   2.9973375E+00   1.9963326E-01   1.9993977E+00   2.2889826E+02   4.7858642E-01   3.5994253E+02   3.0433469E+02
  4.6000000E+02     3   4.0007504E+00   2.0022695E-01   1.9999115E+00   1.7477031E+02   1.1728356E-01   3.5998050E+02   3.0498135E+02
  4.7000000E+02     1   9.9999842E-01   9.9863365E-02   1.0032107E+00   2.7707389E+00   3.5984078E+02   2.0228495E+01   1.8590942E+02
  4.7000000E+02     2   2.9974870E+00   1.9960845E-01   1.9993911E+00   2.0254131E+02   4.8044997E-01   3.5994090E+02   2.2520526E+02
  4.7000000E+02     3   4.0005185E+00   2.0016897E-01   1.9998690E+00   2.6467979E+02   1.3389969E-01   3.5998187E+02   2.2581642E+02
  4.8000000E+02     1   9.9999912E-01   9.9856306E-02   1.0032740E+00   2.8184706E+00   3.5983670E+02   2.0234183E+01   1.0628075E+02
  4.8000000E+02     2   2.9976573E+00   2.0009540E-01   1.9993803E+00   1.7626732E+02   2.3103953E-01   3.5993893E+02   1.4608257E+02
  4.8000000E+02     3   4.0007774E+00   1.9989866E-01   1.9997898E+00   3.5448698E+02   3.9572053E-01   3.5998028E+02   1.4567052E+02
  4.9000000E+02     1   9.9999611E-01   9.9856310E-02   1.0033565E+00   2.8757602E+00   3.5983175E+02   2.0239111E+01   2.6711123E+01
  4.9000000E+02     2   2.9974783E+00   1.9935981E-01   1.9993510E+00   1.4993871E+02   5.7298338E-02   3.5993714E+02   6.6863962E+01
  4.9000000E+02     3   4.0012490E+00   2.0040886E-01   1.9998417E+00   8.4308748E+01   6.1380340E-01   3.5997783E+02   6.5669582E+01
  5.0000000E+02     1   9.9999833E-01   9.9846328E-02   1.0034160E+00   2.9316707E+00   3.5982650E+02   2.0243689E+01   3.0773366E+02
  5.0000000E+02     2   2.9973749E+00   1.9936098E-01   1.9993257E+00   1.2362228E+02   6.7474999E-02   3.5993554E+02   3.4786800E+02
  5.0000000E+02     3   4.0010490E+00   2.0049380E-01   1.9998942E+00   1.7419719E+02   6.0673851E-01   3.5997883E+02   3.4670289E+02
  5.1000000E+02     1   9.9999632E-01   9.9843976E-02   1.0034925E+00   2.9727534E+00   3.5982980E+02   2.0248856E+01   2.2875113E+02
  5.1000000E+02     2   2.9974790E+00   1.9870642E-01   1.9992887E+00   9.7262331E+01   1.2373762E-01   3.5993388E+02   2.6879320E+02
  5.1000000E+02     3   4.0007097E+00   2.0112995E-01   1.9998527E+00   2.6414285E+02   5.5129617E-01   3.5998020E+02   2.6784545E+02
  5.2000000E+02     1   9.9999633E-01   9.9840655E-02   1.0035636E+00   3.0358428E+00   3.5982086E+02   2.0253161E+01   1.5006371E+02
  5.2000000E+02     2   2.9973418E+00   1.9852749E-01   1.9992444E+00   7.0866080E+01   3.0831564E-01   3.5993281E+02   1.8972950E+02
  5.2000000E+02     3   4.0026406E+00   2.0150354E-01   1.9997740E+00   3.5407781E+02   4.1606374E-01   3.5997863E+02   1.8942237E+02
  5.3000000E+02     1   9.9999835E-01   9.9830131E-02   1.0036246E+00   3.0777863E+00   3.5982525E+02   2.0258084E+01   7.1493244E+01
  5.3000000E+02     2   2.9974618E+00   1.9856438E-01   1.9992156E+00   4.4677480E+01   3.3090718E-01   3.5993196E+02   1.1113418E+02
  5.3000000E+02     3   4.0026054E+00   2.0141766E-01   1.9998240E+00   8.3832360E+01   4.1584059E-01   3.5997619E+02   1.1087585E+02
  5.4000000E+02     1   1.0000025E+00   9.9852790E-02   1.0036948E+00   3.1274060E+00   3.5982118E+02   2.0263246E+01   3.5276841E+02
  5.4000000E+02     2   2.9980146E+00   1.9874311E-01   1.9991833E+00   1.8300555E+01   4.8457007E-01   3.5993124E+02   3.2105644E+01
  5.4000000E+02     3   4.0005572E+00   2.0128204E-01   1.9998786E+00   1.7381440E+02   2.4864728E-01   3.5997716E+02   3.2485642E+01
  5.5000000E+02     1   9.9999854E-01   9.9839436E-02   1.0037653E+00   3.1953616E+00   3.5980694E+02   2.0267519E+01   2.7387965E+02
  5.5000000E+02     2   2.9978754E+00   1.9936840E-01   1.9991666E+00   3.5195271E+02   5.4916992E-01   3.5993092E+02   3.1306840E+02
  5.5000000E+02     3   4.0010016E+00   2.0067410E-01   1.9998385E+00   2.6377204E+02   1.6727724E-01   3.5997849E+02   3.1373703E+02
  5.6000000E+02     1   9.9999692E-01   9.9817256E-02   1.0038260E+00   3.2375576E+00   3.5980728E+02   2.0273010E+01   1.9492563E+02
  5.6000000E+02     2   2.9981373E+00   1.9929214E-01   1.9991732E+00   3.2568121E+02   5.2329416E-01   3.5993018E+02   2.3417926E+02
  5.6000000E+02     3   4.0018072E+00   2.0068444E-01   1.9997584E+00   3.5363864E+02   1.7530167E-01   3.5997695E+02   2.3478170E+02
  5.7000000E+02     1   9.9999526E-01   9.9825635E-02   1.0039101E+00   3.2807261E+00   3.5981214E+02   2.0278011E+01   1.1534798E+02
  5.7000000E+02     2   2.9979687E+00   1.9998963E-01   1.9991732E+00   2.9927323E+02   4.3069065E-01   3.5992913E+02   1.5480864E+02
  5.7000000E+02     3   4.0002032E+00   1.9986042E-01   1.9998080E+00   8.3533163E+01   3.2073981E-01   3.5997449E+02   1.5493783E+02
  5.8000000E+02     1   9.9999831E-01   9.9830380E-02   1.0039722E+00   3.3403508E+00   3.5980437E+02   2.0281883E+01   3.5746935E+01
  5.8000000E+02     2   2.9976154E+00   1.9973685E-01   1.9991774E+00   2.7302902E+02   1.5822293E-01   3.5992811E+02   7.5746781E+01
  5.8000000E+02     3   4.0002118E+00   2.0006587E-01   1.9998627E+00   1.7332407E+02   5.9851428E-01   3.5997545E+02   7.4771521E+01
  5.9000000E+02     1   9.9999931E-01   9.9826257E-02   1.0040355E+00   3.3803717E+00   3.5980595E+02   2.0286926E+01   3.1653634E+02
  5.9000000E+02     2   2.9979986E+00   1.9953107E-01   1.9991862E+00   2.4664489E+02   1.6038674E-01   3.5992650E+02   3.5654831E+02
  5.9000000E+02     3   4.0001846E+00   2.0027005E-01   1.9998221E+00   2.6324207E+02   6.3520554E-01   3.5997681E+02   3.5549805E+02
  6.0000000E+02     1   9.9999822E-01   9.9832151E-02   1.0041089E+00   3.4403763E+00   3.5979564E+02   2.0291915E+01   2.3744028E+02
  6.0000000E+02     2   2.9970733E+00   1.9907947E-01   1.9991784E+00   2.2033192E+02   1.2438444E-01   3.5992481E+02   2.7751701E+02
  6.0000000E+02     3   4.0018317E+00   2.0097307E-01   1.9997426E+00   3.5315455E+02   6.3724046E-01   3.5997527E+02   2.7639038E+02
  6.1000000E+02     1   9.9999907E-01   9.9817750E-02   1.0041740E+00   3.4920346E+00   3.5979073E+02   2.0296669E+01   1.5866221E+02
  6.1000000E+02     2   2.9969699E+00   1.9857159E-01   1.9991720E+00   1.9394547E+02   2.7024524E-01   3.5992311E+02   1.9845031E+02
  6.1000000E+02     3   4.0017087E+00   2.0125270E-01   1.9997923E+00   8.3044133E+01   5.6584806E-01   3.5997283E+02   1.9775965E+02
  6.2000000E+02     1   9.9999844E-01   9.9821226E-02   1.0042417E+00   3.5344695E+00   3.5978975E+02   2.0302136E+01   8.0034420E+01
  6.2000000E+02     2   2.9973192E+00   1.9852560E-01   1.9991546E+00   1.6768762E+02   3.3943880E-01   3.5992112E+02   1.1969708E+02
  6.2000000E+02     3   4.0013599E+00   2.0142999E-01   1.9998461E+00   1.7291423E+02   4.7950163E-01   3.5997377E+02   1.1931165E+02
  6.3000000E+02     1   9.9999781E-01   9.9818516E-02   1.0043188E+00   3.5919477E+00   3.5978363E+02   2.0306420E+01   1.3501932E+00
  6.3000000E+02     2   2.9971288E+00   1.9852394E-01   1.9991243E+00   1.4138307E+02   4.3491352E-01   3.5991945E+02   4.0821569E+01
  6.3000000E+02     3   4.0010795E+00   2.0129251E-01   1.9998072E+00   2.6281166E+02   3.8439784E-01   3.5997514E+02   4.0811209E+01
  6.4000000E+02     1   9.9999906E-01   9.9804400E-02   1.0043810E+00   3.6391670E+00   3.5977870E+02   2.0311669E+01   2.8261963E+02
  6.4000000E+02     2   2.9972637E+00   1.9896631E-01   1.9990963E+00   1.1499439E+02   5.9774525E-01   3.5991782E+02   3.2176922E+02
  6.4000000E+02     3   4.0019327E+00   2.0105066E-01   1.9997290E+00   3.5274344E+02   2.6997859E-01   3.5997362E+02   3.2231317E+02
  6.5000000E+02     1   9.9999555E-01   9.9804118E-02   1.0044640E+00   3.6821470E+00   3.5977925E+02   2.0316742E+01   2.0363358E+02
  6.5000000E+02     2   2.9986323E+00   1.9930871E-01   1.9990547E+00   8.8667452E+01   6.1746039E-01   3.5991633E+02   2.4275800E+02
  6.5000000E+02     3   4.0006009E+00   2.0048880E-01   1.9997764E+00   8.2624536E+01   2.6512455E-01   3.5997114E+02   2.4335304E+02
  6.6000000E+02     1   9.9999759E-01   9.9799188E-02   1.0045249E+00   3.7375699E+00   3.5977463E+02   2.0320710E+01   1.2439953E+02
  6.6000000E+02     2   2.9981031E+00   1.9967951E-01   1.9990158E+00   6.2284550E+01   6.0770922E-01   3.5991544E+02   1.6354390E+02
  6.6000000E+02     3   4.0001585E+00   2.0016748E-01   1.9998307E+00   1.7255378E+02   2.9094187E-01   3.5997204E+02   1.6406422E+02
  6.7000000E+02     1   1.0000009E+00   9.9800425E-02   1.0045878E+00   3.7704905E+00   3.5978140E+02   2.0325755E+01   4.4823653E+01
  6.7000000E+02     2   2.9984709E+00   2.0010040E-01   1.9989859E+00   3.6045801E+01   3.4483132E-01   3.5991457E+02   8.4519159E+01
  6.7000000E+02     3   3.9996462E+00   1.9984577E-01   1.9997925E+00   2.6234109E+02   5.7498613E-01   3.5997341E+02   8.3941164E+01
  6.8000000E+02     1   1.0000031E+00   9.9815567E-02   1.0046641E+00   3.8308740E+00   3.5976654E+02   2.0330846E+01   3.2526488E+02
  6.8000000E+02     2   2.9988083E+00   1.9952266E-01   1.9989556E+00   9.6714268E+00   2.1051579E-01   3.5991403E+02   5.2105631E+00
  6.8000000E+02     3   4.0014253E+00   2.0053929E-01   1.9997139E+00   3.5227184E+02   7.0077263E-01   3.5997190E+02   4.1143057E+00
  6.9000000E+02     1   9.9999704E-01   9.9787331E-02   1.0047300E+00   3.8874758E+00   3.5975711E+02   2.0335522E+01   2.4625625E+02
  6.9000000E+02     2   2.9978660E+00   1.9945429E-01   1.9989504E+00   3.4340132E+02   1.5894419E-01   3.5991362E+02   2.8629640E+02
  6.9000000E+02     3   4.0013148E+00   2.0056868E-01   1.9997609E+00   8.2110181E+01   7.4923480E-01   3.5996944E+02   2.8500418E+02
  7.0000000E+02     1   9.9999712E-01   9.9781984E-02   1.0047950E+00   3.9184932E+00   3.5976439E+02   2.0340876E+01   1.6731686E+02
  7.0000000E+02     2   2.9975831E+00   1.9871792E-01   1.9989555E+00   3.1704200E+02   2.2903337E-01   3.5991269E+02   2.0724395E+02
  7.0000000E+02     3   4.0006324E+00   2.0119729E-01   1.9998150E+00   1.7207353E+02   6.6829976E-01   3.5997037E+02   2.0625005E+02
  7.1000000E+02     1   9.9999696E-01   9.9794490E-02   1.0048768E+00   3.9668742E+00   3.5976475E+02   2.0345101E+01   8.8531627E+01
  7.1000000E+02     2   2.9970767E+00   1.9854497E-01   1.9989524E+00   2.9064442E+02   3.8662174E-01   3.5991164E+02   1.2815480E+02
  7.1000000E+02     3   4.0019250E+00   2.0139420E-01   1.9997779E+00   2.6203380E+02   5.3816883E-01   3.5997173E+02   1.2773152E+02
  7.2000000E+02     1   1.0000000E+00   9.9787994E-02   1.0049352E+00   4.0197835E+00   3.5975534E+02   2.0349543E+01   9.9784590E+00
  7.2000000E+02     2   2.9968954E+00   1.9853685E-01   1.9989622E+00   2.6444603E+02   4.1447577E-01   3.5991046E+02   4.9538364E+01
  7.2000000E+02     3   4.0024815E+00   2.0147170E-01   1.9996983E+00   3.5183913E+02   4.9872750E-01   3.5997028E+02   4.9250216E+01
  7.3000000E+02     1   9.9999864E-01   9.9787848E-02   1.0050071E+00   4.0576188E+00   3.5975631E+02   2.0354967E+01   2.9131936E+02
  7.3000000E+02     2   2.9970857E+00   1.9871216E-01   1.9989625E+00   2.3805511E+02   6.0640072E-01   3.5990876E+02   3.3051159E+02
  7.3000000E+02     3   4.0013622E+00   2.0114508E-01   1.9997462E+00   8.1727256E+01   3.9674786E-01   3.5996779E+02   3.3081283E+02
  7.4000000E+02     1   9.9999903E-01   9.9793146E-02   1.0050751E+00   4.1155542E+00   3.5974678E+02   2.0359352E+01   2.1237102E+02
  7.4000000E+02     2   2.9972064E+00   1.9931434E-01   1.9989520E+00   2.1170220E+02   6.5895325E-01   3.5990717E+02   2.5145103E+02
  7.4000000E+02     3   4.0010659E+00   2.0058825E-01   1.9998015E+00   1.7169737E+02   3.0348114E-01   3.5996863E+02   2.5203906E+02
  7.5000000E+02     1   1.0000005E+00   9.9780990E-02   1.0051378E+00   4.1558323E+00   3.5974603E+02   2.0364261E+01   1.3343643E+02
  7.5000000E+02     2   2.9973193E+00   1.9931043E-01   1.9989463E+00   1.8539701E+02   6.7200196E-01   3.5990536E+02   1.7250228E+02
  7.5000000E+02     3   4.0007021E+00   2.0048686E-01   1.9997634E+00   2.6156875E+02   3.1162765E-01   3.5997000E+02   1.7309375E+02
  7.6000000E+02     1   9.9999840E-01   9.9783693E-02   1.0052138E+00   4.2030574E+00   3.5973944E+02   2.0369746E+01   5.3939844E+01
  7.6000000E+02     2   2.9977001E+00   2.0008532E-01   1.9989219E+00   1.5906183E+02   5.2488843E-01   3.5990343E+02   9.3301574E+01
  7.6000000E+02     3   4.0007477E+00   1.9991142E-01   1.9996844E+00   3.5144590E+02   4.7136742E-01   3.5996856E+02   9.3278365E+01
  7.7000000E+02     1   9.9999842E-01   9.9771916E-02   1.0052871E+00   4.2559820E+00   3.5973321E+02   2.0374182E+01   3.3428586E+02
  7.7000000E+02     2   2.9977552E+00   1.9967000E-01   1.9988921E+00   1.3278809E+02   2.6470285E-01   3.5990188E+02   1.4167488E+01
  7.7000000E+02     3   4.0010012E+00   2.0007731E-01   1.9997317E+00   8.1209161E+01   7.7752527E-01   3.5996605E+02   1.3013497E+01
  7.8000000E+02     1   9.9999875E-01   9.9767582E-02   1.0053513E+00   4.2917343E+00   3.5973398E+02   2.0379455E+01   2.5514092E+02
  7.8000000E+02     2   2.9976448E+00   1.9971217E-01   1.9988622E+00   1.0641707E+02   2.7373130E-01   3.5990018E+02   2.9501997E+02
  7.8000000E+02     3   4.0006631E+00   2.0011697E-01   1.9997857E+00   1.7114417E+02   7.7844478E-01   3.5996694E+02   2.9387703E+02
  7.9000000E+02     1   9.9999674E-01   9.9769045E-02   1.0054320E+00   4.3381765E+00   3.5973229E+02   2.0383746E+01   1.7598611E+02
  7.9000000E+02     2   2.9977179E+00   1.9896907E-01   1.9988174E+00   8.0076178E+01   2.4903862E-01   3.5989892E+02   2.1592227E+02
  7.9000000E+02     3   4.0004372E+00   2.0090288E-01   1.9997483E+00   2.6106058E+02   8.0775612E-01   3.5996829E+02   2.1466610E+02
  8.0000000E+02     1   9.9999946E-01   9.9756684E-02   1.0054895E+00   4.3859089E+00   3.5972795E+02   2.0388282E+01   9.7174463E+01
  8.0000000E+02     2   2.9975098E+00   1.9861871E-01   1.9987834E+00   5.3667318E+01   4.0431096E-01   3.5989806E+02   1.3680219E+02
  8.0000000E+02     3   4.0026391E+00   2.0143682E-01   1.9996704E+00   3.5102245E+02   6.8752870E-01   3.5996689E+02   1.3609809E+02
  8.1000000E+02     1   1.0000022E+00   9.9766559E-02   1.0055618E+00   4.4173612E+00   3.5973188E+02   2.0393711E+01   1.8600991E+01
  8.1000000E+02     2   2.9975129E+00   1.9867353E-01   1.9987545E+00   2.7486883E+01   4.1428664E-01   3.5989721E+02   5.8229189E+01
  8.1000000E+02     3   4.0025928E+00   2.0138101E-01   1.9997148E+00   8.0776689E+01   6.9595124E-01   3.5996440E+02   5.7531475E+01
  8.2000000E+02     1   1.0000018E+00   9.9774095E-02   1.0056333E+00   4.4798484E+00   3.5971514E+02   2.0398199E+01   2.9995702E+02
  8.2000000E+02     2   2.9979542E+00   1.9864724E-01   1.9987276E+00   1.1285707E+00   5.6696412E-01   3.5989676E+02   3.3925625E+02
  8.2000000E+02     3   4.0005785E+00   2.0140176E-01   1.9997713E+00   1.7075918E+02   5.1536003E-01   3.5996527E+02   3.3922244E+02
  8.3000000E+02     1   9.9999792E-01   9.9745611E-02   1.0056947E+00   4.5207613E+00   3.5971415E+02   2.0402931E+01   2.2119375E+02
  8.3000000E+02     2   2.9975092E+00   1.9905432E-01   1.9987270E+00   3.3477215E+02   6.8686332E-01   3.5989625E+02   2.6026170E+02
  8.3000000E+02     3   4.0014305E+00   2.0096252E-01   1.9997364E+00   2.6072617E+02   3.8896051E-01   3.5996658E+02   2.6071684E+02
  8.4000000E+02     1   9.9999745E-01   9.9746895E-02   1.0057691E+00   4.5534775E+00   3.5971771E+02   2.0408435E+01   1.4239974E+02
  8.4000000E+02     2   2.9976003E+00   1.9899475E-01   1.9987300E+00   3.0852658E+02   6.8876873E-01   3.5989521E+02   1.8148408E+02
  8.4000000E+02     3   4.0021676E+00   2.0097774E-01   1.9996570E+00   3.5056599E+02   3.8089379E-01   3.5996520E+02   1.8195984E+02
  8.5000000E+02     1   9.9999777E-01   9.9753306E-02   1.0058484E+00   4.6038568E+00   3.5971364E+02   2.0412505E+01   6.3049084E+01
  8.5000000E+02     2   2.9977268E+00   1.9974548E-01   1.9987295E+00   2.8208797E+02   6.9490953E-01   3.5989425E+02   1.0212306E+02
  8.5000000E+02     3   4.0004195E+00   2.0010669E-01   1.9997012E+00   8.0492826E+01   4.3639548E-01   3.5996266E+02   1.0250326E+02
  8.6000000E+02     1   1.0000010E+00   9.9750238E-02   1.0059024E+00   4.6436217E+00   3.5971023E+02   2.0417167E+01   3.4348530E+02
  8.6000000E+02     2   2.9976176E+00   2.0001335E-01   1.9987383E+00   2.5585119E+02   4.2632222E-01   3.5989286E+02   2.3101724E+01
  8.6000000E+02     3   4.0001255E+00   1.9978450E-01   1.9997575E+00   1.7028868E+02   7.0443101E-01   3.5996351E+02   2.2404209E+01
  8.7000000E+02     1   9.9999935E-01   9.9756746E-02   1.0059780E+00   4.6838795E+00   3.5970935E+02   2.0422152E+01   2.6416291E+02
  8.7000000E+02     2   2.9978618E+00   1.9992074E-01   1.9987346E+00   2.2942914E+02   4.2685943E-01   3.5989111E+02   3.0378999E+02
  8.7000000E+02     3   4.0000990E+00   1.9987505E-01   1.9997209E+00   2.6024700E+02   7.3657120E-01   3.5996487E+02   3.0302303E+02
  8.8000000E+02     1   1.0000004E+00   9.9749023E-02   1.0060428E+00   4.7398098E+00   3.5969666E+02   2.0426729E+01   1.8484193E+02
  8.8000000E+02     2   2.9972283E+00   1.9940526E-01   1.9987259E+00   2.0315630E+02   2.7144804E-01   3.5988955E+02   2.2476671E+02
  8.8000000E+02     3   4.0014444E+00   2.0063769E-01   1.9996429E+00   3.5010818E+02   8.6228780E-01   3.5996346E+02   2.2343721E+02
  8.9000000E+02     1   9.9999988E-01   9.9739722E-02   1.0061126E+00   4.7718581E+00   3.5969797E+02   2.0432240E+01   1.0589173E+02
  8.9000000E+02     2   2.9970500E+00   1.9872986E-01   1.9987146E+00   1.7676271E+02   3.6775857E-01   3.5988761E+02   1.4564142E+02
  8.9000000E+02     3   4.0017179E+00   2.0109752E-01   1.9996868E+00   8.0004705E+01   8.3868917E-01   3.5996098E+02   1.4455283E+02
  9.0000000E+02     1   9.9999872E-01   9.9747003E-02   1.0061876E+00   4.8204197E+00   3.5969124E+02   2.0436999E+01   2.7255812E+01
  9.0000000E+02     2   2.9971951E+00   1.9869179E-01   1.9986862E+00   1.5053058E+02   4.0391560E-01   3.5988582E+02   6.6932812E+01
  9.0000000E+02     3   4.0015154E+00   2.0125939E-01   1.9997414E+00   1.6984501E+02   7.8844885E-01   3.5996181E+02   6.6011768E+01
  9.1000000E+02     1   1.0000002E+00   9.9732888E-02   1.0062539E+00   4.8635190E+00   3.5968849E+02   2.0441414E+01   3.0853891E+02
  9.1000000E+02     2   2.9972025E+00   1.9849193E-01   1.9986588E+00   1.2418550E+02   5.2765152E-01   3.5988422E+02   3.4797497E+02
  9.1000000E+02     3   4.0009708E+00   2.0133019E-01   1.9997074E+00   2.5978689E+02   6.6536039E-01   3.5996318E+02   3.4754163E+02
  9.2000000E+02     1   9.9999821E-01   9.9729326E-02   1.0063271E+00   4.8989831E+00   3.5968606E+02   2.0446940E+01   2.2991393E+02
  9.2000000E+02     2   2.9972619E+00   1.9877588E-01   1.9986199E+00   9.7802787E+01   7.1857935E-01   3.5988260E+02   2.6897756E+02
  9.2000000E+02     3   4.0021491E+00   2.0125479E-01   1.9996309E+00   3.4971961E+02   5.2677262E-01   3.5996182E+02   2.6920275E+02
  9.3000000E+02     1   9.9999715E-01   9.9724478E-02   1.0064054E+00   4.9462460E+00   3.5968263E+02   2.0451085E+01   1.5116798E+02
  9.3000000E+02     2   2.9982186E+00   1.9891291E-01   1.9985777E+00   7.1530234E+01   7.6001640E-01   3.5988154E+02   1.9015230E+02
  9.3000000E+02     3   4.0014800E+00   2.0098086E-01   1.9996725E+00   7.9552907E+01   5.0533007E-01   3.5995930E+02   1.9050614E+02
  9.4000000E+02     1   1.0000012E+00   9.9720978E-02   1.0064588E+00   4.9801036E+00   3.5968498E+02   2.0455806E+01   7.2058948E+01
  9.4000000E+02     2   2.9981177E+00   1.9940336E-01   1.9985466E+00   4.5128052E+01   8.1167720E-01   3.5988074E+02   1.1095568E+02
  9.4000000E+02     3   4.0002754E+00   2.0051951E-01   1.9997293E+00   1.6952188E+02   4.6127930E-01   3.5996006E+02   1.1149784E+02
  9.5000000E+02     1   1.0000045E+00   9.9739440E-02   1.0065357E+00   5.0165853E+00   3.5968362E+02   2.0460827E+01   3.5263507E+02
  9.5000000E+02     2   2.9984958E+00   2.0016863E-01   1.9985152E+00   1.8849694E+01   6.3197798E-01   3.5987999E+02   3.1900020E+01
  9.5000000E+02     3   3.9997450E+00   1.9983982E-01   1.9996946E+00   2.5937657E+02   6.4399080E-01   3.5996141E+02   3.1713163E+01
  9.6000000E+02     1   1.0000000E+00   9.9724658E-02   1.0066032E+00   5.0793922E+00   3.5966349E+02   2.0465452E+01   2.7311472E+02
  9.6000000E+02     2   2.9997731E+00   1.9998290E-01   1.9984978E+00   3.5252304E+02   4.5760648E-01   3.5987967E+02   3.1269805E+02
  9.6000000E+02     3   4.0000296E+00   2.0003275E-01   1.9996173E+00   3.4927329E+02   7.9884584E-01   3.5996005E+02   3.1185482E+02
  9.7000000E+02     1   9.9999774E-01   9.9700976E-02   1.0066704E+00   5.1059432E+00   3.5966946E+02   2.0470760E+01   1.9382476E+02
  9.7000000E+02     2   2.9979055E+00   1.9976914E-01   1.9985025E+00   3.2621565E+02   3.5590136E-01   3.5987890E+02   2.3363558E+02
  9.7000000E+02     3   4.0008356E+00   2.0019403E-01   1.9996595E+00   7.9120004E+01   9.2095074E-01   3.5995754E+02   2.3234821E+02
  9.8000000E+02     1   9.9999795E-01   9.9716422E-02   1.0067469E+00   5.1409726E+00   3.5967227E+02   2.0475601E+01   1.1468134E+02
  9.8000000E+02     2   2.9974826E+00   1.9894928E-01   1.9985013E+00   2.9985937E+02   3.5141534E-01   3.5987785E+02   1.5451854E+02
  9.8000000E+02     3   4.0005987E+00   2.0093127E-01   1.9997147E+00   1.6906176E+02   9.2219005E-01   3.5995834E+02   1.5321601E+02
  9.9000000E+02     1   1.0000002E+00   9.9717041E-02   1.0068159E+00   5.1878212E+00   3.5966718E+02   2.0479320E+01   3.5807712E+01
  9.9000000E+02     2   2.9973168E+00   1.9865347E-01   1.9985036E+00   2.7347164E+02   4.6325077E-01   3.5987679E+02   7.5420641E+01
  9.9000000E+02     3   4.0014463E+00   2.0127777E-01   1.9996816E+00   2.5900717E+02   8.3973684E-01   3.5995971E+02   7.4501826E+01
  1.0000000E+03     1   1.0000011E+00   9.9711525E-02   1.0068761E+00   5.2227754E+00   3.5966294E+02   2.0484699E+01   3.1721468E+02
  1.0000000E+03     2   2.9968613E+00   1.9862292E-01   1.9985117E+00   2.4724506E+02   5.0653196E-01   3.5987521E+02   3.5674649E+02
  1.0000000E+03     3   4.0022956E+00   2.0140680E-01   1.9996027E+00   3.4885435E+02   7.7626912E-01   3.5995840E+02   3.5604062E+02
  1.0100000E+03     1   9.9999908E-01   9.9716131E-02   1.0069563E+00   5.2670377E+00   3.5965837E+02   2.0489527E+01   2.3860855E+02
  1.0100000E+03     2   2.9970023E+00   1.9861706E-01   1.9984999E+00   2.2086448E+02   7.0176278E-01   3.5987352E+02   2.7775378E+02
  1.0100000E+03     3   4.0015632E+00   2.0125744E-01   1.9996460E+00   7.8730979E+01   6.7355486E-01   3.5995589E+02   2.7764547E+02
  1.0200000E+03     1   1.0000016E+00   9.9708870E-02   1.0070139E+00   5.3112629E+00   3.5965119E+02   2.0494089E+01   1.5980508E+02
  1.0200000E+03     2   2.9971880E+00   1.9899395E-01   1.9984913E+00   1.9451945E+02   7.9269288E-01   3.5987192E+02   1.9876641E+02
  1.0200000E+03     3   4.0012480E+00   2.0093918E-01   1.9997034E+00   1.6870588E+02   5.4001955E-01   3.5995661E+02   1.9910238E+02
  1.0300000E+03     1   1.0000003E+00   9.9708015E-02   1.0070879E+00   5.3410131E+00   3.5965294E+02   2.0499400E+01   8.1023277E+01
  1.0300000E+03     2   2.9972272E+00   1.9903733E-01   1.9984745E+00   1.6824976E+02   8.2073034E-01   3.5986994E+02   1.1994660E+02
  1.0300000E+03     3   4.0008381E+00   2.0078443E-01   1.9996694E+00   2.5855210E+02   5.3408717E-01   3.5995797E+02   1.2034384E+02
  1.0400000E+03     1   9.9999936E-01   9.9703949E-02   1.0071624E+00   5.3935467E+00   3.5964103E+02   2.0504062E+01   1.7582438E+00
  1.0400000E+03     2   2.9976239E+00   1.9985658E-01   1.9984441E+00   1.4187087E+02   7.8981608E-01   3.5986834E+02   4.0732116E+01
  1.0400000E+03     3   4.0009400E+00   2.0014683E-01   1.9995915E+00   3.4848331E+02   5.7924230E-01   3.5995664E+02   4.0976670E+01
  1.0500000E+03     1   9.9999993E-01   9.9688632E-02   1.0072312E+00   5.4256204E+00   3.5964170E+02   2.0509102E+01   2.8217929E+02
  1.0500000E+03     2   2.9980907E+00   1.9990541E-01   1.9984156E+00   1.1561938E+02   5.3302089E-01   3.5986670E+02   3.2168145E+02
  1.0500000E+03     3   4.0007294E+00   1.9983121E-01   1.9996333E+00   7.8233183E+01   8.8311472E-01   3.5995412E+02   3.2080644E+02
  1.0600000E+03     1   9.9999804E-01   9.9695313E-02   1.0073066E+00   5.4610493E+00   3.5964008E+02   2.0514031E+01   2.0288493E+02
  1.0600000E+03     2   2.9979469E+00   2.0000883E-01   1.9983741E+00   8.9202934E+01   5.3463894E-01   3.5986520E+02   2.4239348E+02
  1.0600000E+03     3   4.0002785E+00   1.9981511E-01   1.9996886E+00   1.6820552E+02   8.9336286E-01   3.5995489E+02   2.4149665E+02
  1.0700000E+03     1   9.9999950E-01   9.9686427E-02   1.0073744E+00   5.5042335E+00   3.5963817E+02   2.0517832E+01   1.2353280E+02
  1.0700000E+03     2   2.9979772E+00   1.9931580E-01   1.9983350E+00   6.2902342E+01   4.0164408E-01   3.5986435E+02   1.6331279E+02
  1.0700000E+03     3   4.0001321E+00   2.0059732E-01   1.9996559E+00   2.5806850E+02   1.0388560E+00   3.5995620E+02   1.6185468E+02
  1.0800000E+03     1   1.0000027E+00   9.9685965E-02   1.0074345E+00   5.5326753E+00   3.5963906E+02   2.0523233E+01   4.4539822E+01
  1.0800000E+03     2   2.9977489E+00   1.9881127E-01   1.9983058E+00   3.6485424E+01   5.0424053E-01   3.5986346E+02   8.4129004E+01
  1.0800000E+03     3   4.0025304E+00   2.0128360E-01   1.9995785E+00   3.4805624E+02   9.5182965E-01   3.5995494E+02   8.3050874E+01
  1.0900000E+03     1   1.0000038E+00   9.9699925E-02   1.0075176E+00   5.5777402E+00   3.5963004E+02   2.0528142E+01   3.2592139E+02
  1.0900000E+03     2   2.9975876E+00   1.9885292E-01   1.9982769E+00   1.0298499E+01   4.9655549E-01   3.5986284E+02   5.5189688E+00
  1.0900000E+03     3   4.0023877E+00   2.0125035E-01   1.9996175E+00   7.7823462E+01   9.6721252E-01   3.5995242E+02   4.3984945E+00
  1.1000000E+03     1   9.9999933E-01   9.9678914E-02   1.0075759E+00   5.6275053E+00   3.5961825E+02   2.0532647E+01   2.4728572E+02
  1.1000000E+03     2   2.9978029E+00   1.9859665E-01   1.9982677E+00   3.4394838E+02   6.4451331E-01   3.5986241E+02   2.8657367E+02
  1.1000000E+03     3   4.0006136E+00   2.0142708E-01   1.9996754E+00   1.6780517E+02   7.9010233E-01   3.5995320E+02   2.8610091E+02
  1.1100000E+03     1   9.9999894E-01   9.9669070E-02   1.0076469E+00   5.6466315E+00   3.5962813E+02   2.0537828E+01   1.6858526E+02
  1.1100000E+03     2   2.9971917E+00   1.9881805E-01   1.9982688E+00   3.1757655E+02   8.0520942E-01   3.5986150E+02   2.0758376E+02
  1.1100000E+03     3   4.0017413E+00   2.0117186E-01   1.9996454E+00   2.5777434E+02   6.4196691E-01   3.5995450E+02   2.0772423E+02
  1.1200000E+03     1   9.9999841E-01   9.9679730E-02   1.0077262E+00   5.6902199E+00   3.5962297E+02   2.0542462E+01   8.9912664E+01
  1.1200000E+03     2   2.9972502E+00   1.9879532E-01   1.9982669E+00   2.9135492E+02   8.1768109E-01   3.5986045E+02   1.2888725E+02
  1.1200000E+03     3   4.0023096E+00   2.0118596E-01   1.9995667E+00   3.4759456E+02   6.2349376E-01   3.5995327E+02   1.2908999E+02
  1.1300000E+03     1   1.0000010E+00   9.9672970E-02   1.0077916E+00   5.7287313E+00   3.5961915E+02   2.0546673E+01   1.0827614E+01
  1.1300000E+03     2   2.9974682E+00   1.9943757E-01   1.9982726E+00   2.6491776E+02   9.0747907E-01   3.5985937E+02   4.9625568E+01
  1.1300000E+03     3   4.0007368E+00   2.0042992E-01   1.9996067E+00   7.7524394E+01   6.0848821E-01   3.5995067E+02   5.0040943E+01
  1.1400000E+03     1   1.0000011E+00   9.9679329E-02   1.0078556E+00   5.7597450E+00   3.5961781E+02   2.0551953E+01   2.9139961E+02
  1.1400000E+03     2   2.9975782E+00   2.0009445E-01   1.9982735E+00   2.3864282E+02   7.2239769E-01   3.5985767E+02   3.3057901E+02
  1.1400000E+03     3   4.0002134E+00   1.9973127E-01   1.9996632E+00   1.6738097E+02   7.7753178E-01   3.5995139E+02   3.3028129E+02
  1.1500000E+03     1   1.0000007E+00   9.9680717E-02   1.0079304E+00   5.8061047E+00   3.5961096E+02   2.0556165E+01   2.1206598E+02
  1.1500000E+03     2   2.9977456E+00   2.0004553E-01   1.9982640E+00   2.1221438E+02   7.2072648E-01   3.5985605E+02   2.5124669E+02
  1.1500000E+03     3   4.0000866E+00   1.9975383E-01   1.9996305E+00   2.5735254E+02   8.0426609E-01   3.5995274E+02   2.5088622E+02
  1.1600000E+03     1   1.0000018E+00   9.9666361E-02   1.0079903E+00   5.8423943E+00   3.5960445E+02   2.0561442E+01   1.3255915E+02
  1.1600000E+03     2   2.9974249E+00   1.9976307E-01   1.9982544E+00   1.8598092E+02   4.6450618E-01   3.5985432E+02   1.7225330E+02
  1.1600000E+03     3   4.0010376E+00   2.0026394E-01   1.9995550E+00   3.4715802E+02   1.0465747E+00   3.5995147E+02   1.7089485E+02
  1.1700000E+03     1   9.9999924E-01   9.9668728E-02   1.0080731E+00   5.8751321E+00   3.5960363E+02   2.0566723E+01   5.3377047E+01
  1.1700000E+03     2   2.9972025E+00   1.9896285E-01   1.9982298E+00   1.5958987E+02   4.7879460E-01   3.5985242E+02   9.3055328E+01
  1.1700000E+03     3   4.0016590E+00   2.0087015E-01   1.9995933E+00   7.7048143E+01   1.0981225E+00   3.5994893E+02   9.1623662E+01
  1.1800000E+03     1   1.0000007E+00   9.9663714E-02   1.0081389E+00   5.9217444E+00   3.5959503E+02   2.0571019E+01   3.3466669E+02
  1.1800000E+03     2   2.9971677E+00   1.9894128E-01   1.9982025E+00   1.3334671E+02   4.9795115E-01   3.5985086E+02   1.4301161E+01
  1.1800000E+03     3   4.0015084E+00   2.0098841E-01   1.9996487E+00   1.6689330E+02   1.0688264E+00   3.5994966E+02   1.2961826E+01
  1.1900000E+03     1   1.0000004E+00   9.9655205E-02   1.0082094E+00   5.9463322E+00   3.5959848E+02   2.0576096E+01   2.5589909E+02
  1.1900000E+03     2   2.9973367E+00   1.9854939E-01   1.9981708E+00   1.0698368E+02   6.2354765E-01   3.5984916E+02   2.9530283E+02
  1.1900000E+03     3   4.0008273E+00   2.0129799E-01   1.9996186E+00   2.5685342E+02   9.4859587E-01   3.5995103E+02   2.9444900E+02
  1.2000000E+03     1   9.9999791E-01   9.9654589E-02   1.0082877E+00   5.9887347E+00   3.5959122E+02   2.0580800E+01   1.7730849E+02
  1.2000000E+03     2   2.9973073E+00   1.9866730E-01   1.9981229E+00   8.0602319E+01   8.2089234E-01   3.5984788E+02   2.1631498E+02
  1.2000000E+03     3   4.0023226E+00   2.0138422E-01   1.9995437E+00   3.4679158E+02   7.9826877E-01   3.5994982E+02   2.1615635E+02
  1.2100000E+03     1   1.0000004E+00   9.9642340E-02   1.0083523E+00   6.0228458E+00   3.5959243E+02   2.0585095E+01   9.8691894E+01
  1.2100000E+03     2   2.9977420E+00   1.9872401E-01   1.9980912E+00   5.4385654E+01   8.4975011E-01   3.5984703E+02   1.3765338E+02
  1.2100000E+03     3   4.0022924E+00   2.0124753E-01   1.9995799E+00   7.6572241E+01   7.9657003E-01   3.5994727E+02   1.3755925E+02
  1.2200000E+03     1   1.0000046E+00   9.9658394E-02   1.0084167E+00   6.0482312E+00   3.5959405E+02   2.0590386E+01   1.9766230E+01
  1.2200000E+03     2   2.9981171E+00   1.9916023E-01   1.9980584E+00   2.7979978E+01   9.6303728E-01   3.5984624E+02   5.8516544E+01
  1.2200000E+03     3   4.0003818E+00   2.0084997E-01   1.9996391E+00   1.6657248E+02   6.7614357E-01   3.5994792E+02   5.8886969E+01
  1.2300000E+03     1   1.0000032E+00   9.9662265E-02   1.0084948E+00   6.0997266E+00   3.5958007E+02   2.0594703E+01   3.0056487E+02
  1.2300000E+03     2   2.9982903E+00   1.9998184E-01   1.9980323E+00   1.6608463E+00   8.8964179E-01   3.5984582E+02   3.3944350E+02
  1.2300000E+03     3   4.0001227E+00   2.0006643E-01   1.9996084E+00   2.5649230E+02   7.3637282E-01   3.5994921E+02   3.3954326E+02
  1.2400000E+03     1   9.9999887E-01   9.9631209E-02   1.0085535E+00   6.1375223E+00   3.5957331E+02   2.0599808E+01   2.2129100E+02
  1.2400000E+03     2   2.9991844E+00   1.9991420E-01   1.9980337E+00   3.3533569E+02   8.0166001E-01   3.5984528E+02   2.6034337E+02
  1.2400000E+03     3   4.0004152E+00   2.0004635E-01   1.9995305E+00   3.4641374E+02   7.9688571E-01   3.5994802E+02   2.6014743E+02
  1.2500000E+03     1   9.9999836E-01   9.9632849E-02   1.0086346E+00   6.1563915E+00   3.5958278E+02   2.0605095E+01   1.4170053E+02
  1.2500000E+03     2   2.9979343E+00   2.0005020E-01   1.9980325E+00   3.0901596E+02   6.1334558E-01   3.5984421E+02   1.8116117E+02
  1.2500000E+03     3   4.0004455E+00   1.9986850E-01   1.9995690E+00   7.6224804E+01   1.0412468E+00   3.5994548E+02   1.8010283E+02
  1.2600000E+03     1   9.9999998E-01   9.9645709E-02   1.0087064E+00   6.2014996E+00   3.5957612E+02   2.0609047E+01   6.2340098E+01
  1.2600000E+03     2   2.9974435E+00   1.9927039E-01   1.9980303E+00   2.8269071E+02   4.9838932E-01   3.5984327E+02   1.0202712E+02
  1.2600000E+03     3   4.0005091E+00   2.0058874E-01   1.9996261E+00   1.6612149E+02   1.1538351E+00   3.5994613E+02   1.0051050E+02
  1.2700000E+03     1   1.0000026E+00   9.9638587E-02   1.0087669E+00   6.2309042E+00   3.5957546E+02   2.0613510E+01   3.4337160E+02
  1.2700000E+03     2   2.9977681E+00   1.9893896E-01   1.9980384E+00   2.5633727E+02   5.4399138E-01   3.5984188E+02   2.2977803E+01
  1.2700000E+03     3   4.0006735E+00   2.0097422E-01   1.9995963E+00   2.5602879E+02   1.1431355E+00   3.5994749E+02   2.1568287E+01
  1.2800000E+03     1   1.0000003E+00   9.9642390E-02   1.0088398E+00   6.2680357E+00   3.5956900E+02   2.0618884E+01   2.6463200E+02
  1.2800000E+03     2   2.9969099E+00   1.9879409E-01   1.9980341E+00   2.3004867E+02   5.9908184E-01   3.5984014E+02   3.0412932E+02
  1.2800000E+03     3   4.0020568E+00   2.0126232E-01   1.9995182E+00   3.4594639E+02   1.0524962E+00   3.5994632E+02   3.0301015E+02
  1.2900000E+03     1   1.0000011E+00   9.9635504E-02   1.0089118E+00   6.3108805E+00   3.5956206E+02   2.0623236E+01   1.8602213E+02
  1.2900000E+03     2   2.9969552E+00   1.9858999E-01   1.9980220E+00   2.0367045E+02   7.8730312E-01   3.5983855E+02   2.2514102E+02
  1.2900000E+03     3   4.0017174E+00   2.0129199E-01   1.9995566E+00   7.5820634E+01   9.5794805E-01   3.5994379E+02   2.2458925E+02
  1.3000000E+03     1   1.0000020E+00   9.9632168E-02   1.0089735E+00   6.3382196E+00   3.5956072E+02   2.0628601E+01   1.0732858E+02
  1.3000000E+03     2   2.9973284E+00   1.9873172E-01   1.9980086E+00   1.7735458E+02   8.8697134E-01   3.5983671E+02   1.4625986E+02
  1.3000000E+03     3   4.0012565E+00   2.0123156E-01   1.9996153E+00   1.6577108E+02   8.2104143E-01   3.5994442E+02   1.4617630E+02
  1.3100000E+03     1   1.0000001E+00   9.9635736E-02   1.0090550E+00   6.3763803E+00   3.5955693E+02   2.0633193E+01   2.8630848E+01
  1.3100000E+03     2   2.9971963E+00   1.9882364E-01   1.9979794E+00   1.5108664E+02   9.3764065E-01   3.5983491E+02   6.7465985E+01
  1.3100000E+03     3   4.0009058E+00   2.0101786E-01   1.9995857E+00   2.5562270E+02   7.8753259E-01   3.5994577E+02   6.7544485E+01
  1.3200000E+03     1   1.0000010E+00   9.9618972E-02   1.0091190E+00   6.4173050E+00   3.5954840E+02   2.0637984E+01   3.0961456E+02
  1.3200000E+03     2   2.9975040E+00   1.9953714E-01   1.9979513E+00   1.2469081E+02   1.0060886E+00   3.5983344E+02   3.4830827E+02
  1.3200000E+03     3   4.0012396E+00   2.0047648E-01   1.9995099E+00   3.4557825E+02   7.4314423E-01   3.5994454E+02   3.4861195E+02
  1.3300000E+03     1   9.9999897E-01   9.9616142E-02   1.0091988E+00   6.4399410E+00   3.5955181E+02   2.0643284E+01   2.3023285E+02
  1.3300000E+03     2   2.9984878E+00   1.9992823E-01   1.9979148E+00   9.8406706E+01   8.4752737E-01   3.5983180E+02   2.6926440E+02
  1.3300000E+03     3   4.0004982E+00   1.9983296E-01   1.9995451E+00   7.5380351E+01   9.4153854E-01   3.5994199E+02   2.6885599E+02
  1.3400000E+03     1   9.9999916E-01   9.9617497E-02   1.0092697E+00   6.4830531E+00   3.5954559E+02   2.0647318E+01   1.5087735E+02
  1.3400000E+03     2   2.9981644E+00   2.0011538E-01   1.9978719E+00   7.1981403E+01   8.3424045E-01   3.5983073E+02   1.8993322E+02
  1.3400000E+03     3   4.0000449E+00   1.9972941E-01   1.9996017E+00   1.6535644E+02   9.6664965E-01   3.5994264E+02   1.8944459E+02
  1.3500000E+03     1   1.0000027E+00   9.9610096E-02   1.0093297E+00   6.5073515E+00   3.5955078E+02   2.0651830E+01   7.1365141E+01
  1.3500000E+03     2   2.9982466E+00   1.9972212E-01   1.9978398E+00   4.5735923E+01   5.9424096E-01   3.5982995E+02   1.1092199E+02
  1.3500000E+03     3   3.9998343E+00   2.0024725E-01   1.9995745E+00   2.5515687E+02   1.2274821E+00   3.5994393E+02   1.0942754E+02
  1.3600000E+03     1   1.0000052E+00   9.9625481E-02   1.0094042E+00   6.5416842E+00   3.5954382E+02   2.0657251E+01   3.5214839E+02
  1.3600000E+03     2   2.9980604E+00   1.9908809E-01   1.9978085E+00   1.9321464E+01   6.1376644E-01   3.5982920E+02   3.1664602E+01
  1.3600000E+03     3   4.0022428E+00   2.0103647E-01   1.9994977E+00   3.4515524E+02   1.1995988E+00   3.5994278E+02   3.0265768E+01
  1.3700000E+03     1   1.0000005E+00   9.9611917E-02   1.0094786E+00   6.5921806E+00   3.5952957E+02   2.0661637E+01   2.7343139E+02
  1.3700000E+03     2   2.9976304E+00   1.9907990E-01   1.9977926E+00   3.5311155E+02   5.9206689E-01   3.5982879E+02   3.1297210E+02
  1.3700000E+03     3   4.0020493E+00   2.0103019E-01   1.9995314E+00   7.4944775E+01   1.2243221E+00   3.5994023E+02   3.1148471E+02
  1.3800000E+03     1   9.9999961E-01   9.9594245E-02   1.0095378E+00   6.6153055E+00   3.5953262E+02   2.0666814E+01   1.9473583E+02
  1.3800000E+03     2   2.9976064E+00   1.9860956E-01   1.9977947E+00   3.2675735E+02   7.3113707E-01   3.5982799E+02   2.3401644E+02
  1.3800000E+03     3   4.0006691E+00   2.0136618E-01   1.9995900E+00   1.6492371E+02   1.0677752E+00   3.5994092E+02   2.3311731E+02
  1.3900000E+03     1   9.9999931E-01   9.9605557E-02   1.0096205E+00   6.6407802E+00   3.5953850E+02   2.0671482E+01   1.1604385E+02
  1.3900000E+03     2   2.9969969E+00   1.9868561E-01   1.9977883E+00   3.0037110E+02   9.0683557E-01   3.5982692E+02   1.5499630E+02
  1.3900000E+03     3   4.0018964E+00   2.0130063E-01   1.9995643E+00   2.5489113E+02   9.1660602E-01   3.5994223E+02   1.5474613E+02
  1.4000000E+03     1   1.0000008E+00   9.9603522E-02   1.0096877E+00   6.6861526E+00   3.5952788E+02   2.0675601E+01   3.7463462E+01
  1.4000000E+03     2   2.9970156E+00   1.9867989E-01   1.9977916E+00   2.7416994E+02   9.2419196E-01   3.5982588E+02   7.6370269E+01
  1.4000000E+03     3   4.0023271E+00   2.0131624E-01   1.9994866E+00   3.4470259E+02   8.8780969E-01   3.5994113E+02   7.6212527E+01
  1.4100000E+03     1   1.0000018E+00   9.9599122E-02   1.0097545E+00   6.7095380E+00   3.5952933E+02   2.0680708E+01   3.1860114E+02
  1.4100000E+03     2   2.9972603E+00   1.9915918E-01   1.9977944E+00   2.4775002E+02   1.0725015E+00   3.5982441E+02   3.5722740E+02
  1.4100000E+03     3   4.0010695E+00   2.0073903E-01   1.9995228E+00   7.4616151E+01   8.2868755E-01   3.5993850E+02   3.5748685E+02
  1.4200000E+03     1   1.0000008E+00   9.9609754E-02   1.0098270E+00   6.7504290E+00   3.5952206E+02   2.0685453E+01   2.3936770E+02
  1.4200000E+03     2   2.9974624E+00   1.9993093E-01   1.9977839E+00   2.2143084E+02   9.9325001E-01   3.5982280E+02   2.7815064E+02
  1.4200000E+03     3   4.0004975E+00   1.9994265E-01   1.9995803E+00   1.6454126E+02   8.7222822E-01   3.5993906E+02   2.7816015E+02
  1.4300000E+03     1   1.0000028E+00   9.9598670E-02   1.0098911E+00   6.7862544E+00   3.5951767E+02   2.0689788E+01   1.6015519E+02
  1.4300000E+03     2   2.9975901E+00   1.9989993E-01   1.9977777E+00   1.9503712E+02   9.9633171E-01   3.5982116E+02   1.9893514E+02
  1.4300000E+03     3   4.0002214E+00   1.9991479E-01   1.9995511E+00   2.5448843E+02   8.9354237E-01   3.5994040E+02   1.9890222E+02
  1.4400000E+03     1   1.0000007E+00   9.9594528E-02   1.0099626E+00   6.8147590E+00   3.5951396E+02   2.0695506E+01   8.0545879E+01
  1.4400000E+03     2   2.9976369E+00   2.0008689E-01   1.9977567E+00   1.6879949E+02   7.1097186E-01   3.5981921E+02   1.1990444E+02
  1.4400000E+03     3   4.0006823E+00   1.9993071E-01   1.9994772E+00   3.4428517E+02   1.1774167E+00   3.5993930E+02   1.1873137E+02
  1.4500000E+03     1   9.9999990E-01   9.9592192E-02   1.0100441E+00   6.8562447E+00   3.5950775E+02   2.0699921E+01   1.1178590E+00
  1.4500000E+03     2   2.9974133E+00   1.9925756E-01   1.9977257E+00   1.4243250E+02   6.1556280E-01   3.5981765E+02   4.0666781E+01
  1.4500000E+03     3   4.0015156E+00   2.0057135E-01   1.9995110E+00   7.4142614E+01   1.3335463E+00   3.5993668E+02   3.8992753E+01
  1.4600000E+03     1   1.0000016E+00   9.9582539E-02   1.0101051E+00   6.8859325E+00   3.5950553E+02   2.0704852E+01   2.8227666E+02
  1.4600000E+03     2   2.9973086E+00   1.9926136E-01   1.9977003E+00   1.1615200E+02   6.2987310E-01   3.5981603E+02   3.2180561E+02
  1.4600000E+03     3   4.0012958E+00   2.0064926E-01   1.9995672E+00   1.6401588E+02   1.3171537E+00   3.5993731E+02   3.2018849E+02
  1.4700000E+03     1   9.9999917E-01   9.9585296E-02   1.0101868E+00   6.9130224E+00   3.5950695E+02   2.0709578E+01   2.0340795E+02
  1.4700000E+03     2   2.9975249E+00   1.9870448E-01   1.9976578E+00   8.9785391E+01   7.2361224E-01   3.5981451E+02   2.4276475E+02
  1.4700000E+03     3   4.0006485E+00   2.0118824E-01   1.9995401E+00   2.5397594E+02   1.2291280E+00   3.5993867E+02   2.4150540E+02
  1.4800000E+03     1   9.9999978E-01   9.9573501E-02   1.0102528E+00   6.9557549E+00   3.5949943E+02   2.0713785E+01   1.2478440E+02
  1.4800000E+03     2   2.9973888E+00   1.9864583E-01   1.9976158E+00   6.3399203E+01   9.1381195E-01   3.5981359E+02   1.6375604E+02
  1.4800000E+03     3   4.0024477E+00   2.0143384E-01   1.9994665E+00   3.4392706E+02   1.0770373E+00   3.5993761E+02   1.6318155E+02
  1.4900000E+03     1   1.0000033E+00   9.9574358E-02   1.0103196E+00   6.9738136E+00   3.5950603E+02   2.0718910E+01   4.6227283E+01
  1.4900000E+03     2   2.9975732E+00   1.9869632E-01   1.9975889E+00   3.7212254E+01   9.3369137E-01   3.5981270E+02   8.5184393E+01
  1.4900000E+03     3   4.0026471E+00   2.0136225E-01   1.9994976E+00   7.3683827E+01   1.0859568E+00   3.5993504E+02   8.4635169E+01
  1.5000000E+03     1   1.0000053E+00   9.9594159E-02   1.0103950E+00   7.0163724E+00   3.5949439E+02   2.0723748E+01   3.2746586E+02
  1.5000000E+03     2   2.9980621E+00   1.9896657E-01   1.9975541E+00   1.0827062E+01   1.0730481E+00   3.5981211E+02   6.1318292E+00
  1.5000000E+03     3   4.0004662E+00   2.0110515E-01   1.9995588E+00   1.6368721E+02   9.2215053E-01   3.5993560E+02   6.1866361E+00
  1.5100000E+03     1   1.0000002E+00   9.9569784E-02   1.0104596E+00   7.0590799E+00   3.5948525E+02   2.0728015E+01   2.4846987E+02
  1.5100000E+03     2   2.9979218E+00   1.9965525E-01   1.9975441E+00   3.4448090E+02   1.0969037E+00   3.5981177E+02   2.8707903E+02
  1.5100000E+03     3   4.0006357E+00   2.0039751E-01   1.9995328E+00   2.5364576E+02   8.8382667E-01   3.5993683E+02   2.8725506E+02
  1.5200000E+03     1   9.9999907E-01   9.9556145E-02   1.0105281E+00   7.0781337E+00   3.5948969E+02   2.0733608E+01   1.6940853E+02
  1.5200000E+03     2   2.9982295E+00   1.9956282E-01   1.9975489E+00   3.1817215E+02   1.0691951E+00   3.5981083E+02   2.0809505E+02
  1.5200000E+03     3   4.0012979E+00   2.0038994E-01   1.9994556E+00   3.4355201E+02   8.9723209E-01   3.5993579E+02   2.0818907E+02
  1.5300000E+03     1   9.9999896E-01   9.9569171E-02   1.0106145E+00   7.1116434E+00   3.5949034E+02   2.0737992E+01   8.9770852E+01
  1.5300000E+03     2   2.9978925E+00   2.0016772E-01   1.9975434E+00   2.9179958E+02   9.1313933E-01   3.5980978E+02   1.2878168E+02
  1.5300000E+03     3   4.0002777E+00   1.9973657E-01   1.9994880E+00   7.3399658E+01   1.1197624E+00   3.5993321E+02   1.2812158E+02
  1.5400000E+03     1   1.0000025E+00   9.9567780E-02   1.0106723E+00   7.1490306E+00   3.5948344E+02   2.0742107E+01   1.0243962E+01
  1.5400000E+03     2   2.9974626E+00   1.9964539E-01   1.9975466E+00   2.6552871E+02   6.8577824E-01   3.5980871E+02   4.9706063E+01
  1.5400000E+03     3   4.0003754E+00   2.0020397E-01   1.9995480E+00   1.6323398E+02   1.3463792E+00   3.5993373E+02   4.8134821E+01
  1.5500000E+03     1   1.0000020E+00   9.9570264E-02   1.0107425E+00   7.1728568E+00   3.5948518E+02   2.0747165E+01   2.9116173E+02
  1.5500000E+03     2   2.9978536E+00   1.9943789E-01   1.9975473E+00   2.3917298E+02   6.9721609E-01   3.5980701E+02   3.3061796E+02
  1.5500000E+03     3   4.0003006E+00   2.0045717E-01   1.9995209E+00   2.5313760E+02   1.3729311E+00   3.5993508E+02   3.2901040E+02
  1.5600000E+03     1   1.0000007E+00   9.9568234E-02   1.0108152E+00   7.2196033E+00   3.5947296E+02   2.0751798E+01   2.1220183E+02
  1.5600000E+03     2   2.9970054E+00   1.9903135E-01   1.9975367E+00   2.1285688E+02   7.0291784E-01   3.5980544E+02   2.5163463E+02
  1.5600000E+03     3   4.0017710E+00   2.0104032E-01   1.9994442E+00   3.4308319E+02   1.3186162E+00   3.5993401E+02   2.5014609E+02
  1.5700000E+03     1   1.0000022E+00   9.9556118E-02   1.0108820E+00   7.2468313E+00   3.5947202E+02   2.0756784E+01   1.3352181E+02
  1.5700000E+03     2   2.9969615E+00   1.9863730E-01   1.9975264E+00   1.8647429E+02   8.7373444E-01   3.5980365E+02   1.7262463E+02
  1.5700000E+03     3   4.0018305E+00   2.0125492E-01   1.9994772E+00   7.2961898E+01   1.2427417E+00   3.5993148E+02   1.7163097E+02
  1.5800000E+03     1   1.0000006E+00   9.9563710E-02   1.0109568E+00   7.2784796E+00   3.5946838E+02   2.0762000E+01   5.4911093E+01
  1.5800000E+03     2   2.9973904E+00   1.9862541E-01   1.9975010E+00   1.6021103E+02   9.4740457E-01   3.5980179E+02   9.3873446E+01
  1.5800000E+03     3   4.0013351E+00   2.0136679E-01   1.9995356E+00   1.6285491E+02   1.1395964E+00   3.5993203E+02   9.3228594E+01
  1.5900000E+03     1   1.0000014E+00   9.9555473E-02   1.0110292E+00   7.3188189E+00   3.5946271E+02   2.0766064E+01   3.3622824E+02
  1.5900000E+03     2   2.9972065E+00   1.9867652E-01   1.9974703E+00   1.3390516E+02   1.0390701E+00   3.5980023E+02   1.5007179E+01
  1.5900000E+03     3   4.0009146E+00   2.0117941E-01   1.9995111E+00   2.5275091E+02   1.0588612E+00   3.5993337E+02   1.4701322E+01
  1.6000000E+03     1   1.0000002E+00   9.9542954E-02   1.0110973E+00   7.3446620E+00   3.5946065E+02   2.0771547E+01   2.5741897E+02
  1.6000000E+03     2   2.9974190E+00   1.9923955E-01   1.9974366E+00   1.0751107E+02   1.1770127E+00   3.5979867E+02   2.9593201E+02
  1.6000000E+03     3   4.0015577E+00   2.0079881E-01   1.9994381E+00   3.4270923E+02   9.5617591E-01   3.5993226E+02   2.9610649E+02
  1.6100000E+03     1   9.9999828E-01   9.9545074E-02   1.0111827E+00   7.3781185E+00   3.5945914E+02   2.0776003E+01   1.7831236E+02
  1.6100000E+03     2   2.9988873E+00   1.9964251E-01   1.9973932E+00   8.1180886E+01   1.1536846E+00   3.5979740E+02   2.1688048E+02
  1.6100000E+03     3   4.0003999E+00   2.0019314E-01   1.9994672E+00   7.2577336E+01   1.0097251E+00   3.5992967E+02   2.1690385E+02
  1.6200000E+03     1   1.0000017E+00   9.9537874E-02   1.0112398E+00   7.4124246E+00   3.5945719E+02   2.0780203E+01   9.8996422E+01
  1.6200000E+03     2   2.9982554E+00   1.9999177E-01   1.9973594E+00   5.4787678E+01   1.1227391E+00   3.5979659E+02   1.3763255E+02
  1.6200000E+03     3   4.0000303E+00   1.9991337E-01   1.9995254E+00   1.6252562E+02   1.0514225E+00   3.5993018E+02   1.3750801E+02
  1.6300000E+03     1   1.0000054E+00   9.9550298E-02   1.0113103E+00   7.4316945E+00   3.5946199E+02   2.0785260E+01   1.9425420E+01
  1.6300000E+03     2   2.9984697E+00   2.0010938E-01   1.9973259E+00   2.8573018E+01   8.3086830E-01   3.5979574E+02   5.8666713E+01
  1.6300000E+03     3   3.9996190E+00   1.9992439E-01   1.9995025E+00   2.5230110E+02   1.3599288E+00   3.5993149E+02   5.7337082E+01
  1.6400000E+03     1   1.0000026E+00   9.9550301E-02   1.0113865E+00   7.4848942E+00   3.5944258E+02   2.0790000E+01   2.9998899E+02
  1.6400000E+03     2   2.9985244E+00   1.9944912E-01   1.9972993E+00   2.1784032E+00   7.5013179E-01   3.5979533E+02   3.3936321E+02
  1.6400000E+03     3   4.0015977E+00   2.0066629E-01   1.9994273E+00   3.4227846E+02   1.4183596E+00   3.5993042E+02   3.3775658E+02
  1.6500000E+03     1   9.9999906E-01   9.9522095E-02   1.0114519E+00   7.5148977E+00   3.5944137E+02   2.0794815E+01   2.2110157E+02
  1.6500000E+03     2   2.9976410E+00   1.9935700E-01   1.9973003E+00   3.3592881E+02   7.1812312E-01   3.5979474E+02   2.6054821E+02
  1.6500000E+03     3   4.0016304E+00   2.0072195E-01   1.9994560E+00   7.2097096E+01   1.4607647E+00   3.5992785E+02   2.5879671E+02
  1.6600000E+03     1   9.9999954E-01   9.9528574E-02   1.0115250E+00   7.5342306E+00   3.5944777E+02   2.0800038E+01   1.4227952E+02
  1.6600000E+03     2   2.9974457E+00   1.9872353E-01   1.9972994E+00   3.0956291E+02   8.2915151E-01   3.5979366E+02   1.8152951E+02
  1.6600000E+03     3   4.0007213E+00   2.0122017E-01   1.9995146E+00   1.6207013E+02   1.3442133E+00   3.5992844E+02   1.8022982E+02
  1.6700000E+03     1   1.0000006E+00   9.9538086E-02   1.0116034E+00   7.5738169E+00   3.5944435E+02   2.0803774E+01   6.3554454E+01
  1.6700000E+03     2   2.9969603E+00   1.9865464E-01   1.9972921E+00   2.8317268E+02   9.9224596E-01   3.5979262E+02   1.0248096E+02
  1.6700000E+03     3   4.0018460E+00   2.0134229E-01   1.9994925E+00   2.5203192E+02   1.2079753E+00   3.5992976E+02   1.0177522E+02
  1.6800000E+03     1   1.0000021E+00   9.9527056E-02   1.0116620E+00   7.6057939E+00   3.5943821E+02   2.0808625E+01   3.4501572E+02
  1.6800000E+03     2   2.9968864E+00   1.9865502E-01   1.9973011E+00   2.5697775E+02   1.0183064E+00   3.5979128E+02   2.3890214E+01
  1.6800000E+03     3   4.0022601E+00   2.0136747E-01   1.9994160E+00   3.4184982E+02   1.1650564E+00   3.5992879E+02   2.3321697E+01
  1.6900000E+03     1   1.0000006E+00   9.9533631E-02   1.0117415E+00   7.6351093E+00   3.5943754E+02   2.0813730E+01   2.6630363E+02
  1.6900000E+03     2   2.9971203E+00   1.9895391E-01   1.9972903E+00   2.3057655E+02   1.1980141E+00   3.5978963E+02   3.0483089E+02
  1.6900000E+03     3   4.0013704E+00   2.0098206E-01   1.9994484E+00   7.1741817E+01   1.0826624E+00   3.5992616E+02   3.0478854E+02
  1.7000000E+03     1   1.0000020E+00   9.9532084E-02   1.0118061E+00   7.6793935E+00   3.5942738E+02   2.0818009E+01   1.8726998E+02
  1.7000000E+03     2   2.9973328E+00   1.9962117E-01   1.9972780E+00   2.0423220E+02   1.2081243E+00   3.5978818E+02   2.2576814E+02
  1.7000000E+03     3   4.0008441E+00   2.0030044E-01   1.9995079E+00   1.6171100E+02   1.0249990E+00   3.5992657E+02   2.2585763E+02
  1.7100000E+03     1   1.0000025E+00   9.9525080E-02   1.0118735E+00   7.7020988E+00   3.5942913E+02   2.0823119E+01   1.0823410E+02
  1.7100000E+03     2   2.9974466E+00   1.9962253E-01   1.9972679E+00   1.7789041E+02   1.2209325E+00   3.5978630E+02   1.4672413E+02
  1.7100000E+03     3   4.0004319E+00   2.0022387E-01   1.9994821E+00   2.5161570E+02   1.0391769E+00   3.5992789E+02   1.4680446E+02
  1.7200000E+03     1   9.9999948E-01   9.9524708E-02   1.0119533E+00   7.7430243E+00   3.5942003E+02   2.0828155E+01   2.8660404E+01
  1.7200000E+03     2   2.9977697E+00   2.0023899E-01   1.9972369E+00   1.5159668E+02   1.0014485E+00   3.5978453E+02   6.7584805E+01
  1.7200000E+03     3   4.0005056E+00   1.9977611E-01   1.9994080E+00   3.4146482E+02   1.2606853E+00   3.5992692E+02   6.6781560E+01
  1.7300000E+03     1   1.0000011E+00   9.9510953E-02   1.0120242E+00   7.7774523E+00   3.5941695E+02   2.0832638E+01   3.0905687E+02
  1.7300000E+03     2   2.9976937E+00   1.9959080E-01   1.9972071E+00   1.2527989E+02   7.9804649E-01   3.5978310E+02   3.4839376E+02
  1.7300000E+03     3   4.0012889E+00   2.0023108E-01   1.9994387E+00   7.1262884E+01   1.5276598E+00   3.5992426E+02   3.4665221E+02
  1.7400000E+03     1   9.9999985E-01   9.9512851E-02   1.0120962E+00   7.8018021E+00   3.5941729E+02   2.0837887E+01   2.3004010E+02
  1.7400000E+03     2   2.9975845E+00   1.9963936E-01   1.9971725E+00   9.8946903E+01   8.0745314E-01   3.5978146E+02   2.6937264E+02
  1.7400000E+03     3   4.0009430E+00   2.0026861E-01   1.9994957E+00   1.6117640E+02   1.5214042E+00   3.5992478E+02   2.6765809E+02
  1.7500000E+03     1   9.9999957E-01   9.9511001E-02   1.0121734E+00   7.8406359E+00   3.5941431E+02   2.0841685E+01   1.5101483E+02
  1.7500000E+03     2   2.9977365E+00   1.9894699E-01   1.9971294E+00   7.2590973E+01   8.3643081E-01   3.5978041E+02   1.9029313E+02
  1.7500000E+03     3   4.0004397E+00   2.0100130E-01   1.9994713E+00   2.5111718E+02   1.4978809E+00   3.5992610E+02   1.8867885E+02
  1.7600000E+03     1   1.0000021E+00   9.9499377E-02   1.0122317E+00   7.8687461E+00   3.5941399E+02   2.0846600E+01   7.2298201E+01
  1.7600000E+03     2   2.9975196E+00   1.9871950E-01   1.9970971E+00   4.6198591E+01   1.0048011E+00   3.5977952E+02   1.1125075E+02
  1.7600000E+03     3   4.0025160E+00   2.0140654E-01   1.9993986E+00   3.4108733E+02   1.3546958E+00   3.5992518E+02   1.1025964E+02
  1.7700000E+03     1   1.0000052E+00   9.9517670E-02   1.0123128E+00   7.8964936E+00   3.5941288E+02   2.0851739E+01   3.5375442E+02
  1.7700000E+03     2   2.9975403E+00   1.9876915E-01   1.9970676E+00   2.0025406E+01   1.0108140E+00   3.5977870E+02   3.2704622E+01
  1.7700000E+03     3   4.0027129E+00   2.0137277E-01   1.9994246E+00   7.0837162E+01   1.3688667E+00   3.5992260E+02   3.1700729E+01
  1.7800000E+03     1   1.0000012E+00   9.9509586E-02   1.0123798E+00   7.9496327E+00   3.5939538E+02   2.0856069E+01   2.7509683E+02
  1.7800000E+03     2   2.9979229E+00   1.9881828E-01   1.9970444E+00   3.5366008E+02   1.1618619E+00   3.5977832E+02   3.1371936E+02
  1.7800000E+03     3   4.0005531E+00   2.0126860E-01   1.9994871E+00   1.6083238E+02   1.1858883E+00   3.5992309E+02   3.1338176E+02
  1.7900000E+03     1   9.9999986E-01   9.9488186E-02   1.0124445E+00   7.9697823E+00   3.5940127E+02   2.0860970E+01   1.9625284E+02
  1.7900000E+03     2   2.9975080E+00   1.9931683E-01   1.9970434E+00   3.2729515E+02   1.2636519E+00   3.5977765E+02   2.3469472E+02
  1.7900000E+03     3   4.0011394E+00   2.0072301E-01   1.9994663E+00   2.5080469E+02   1.0839159E+00   3.5992429E+02   2.3476091E+02
  1.8000000E+03     1   9.9999844E-01   9.9494980E-02   1.0125254E+00   7.9988756E+00   3.5940209E+02   2.0866103E+01   1.1737027E+02
  1.8000000E+03     2   2.9976557E+00   1.9926066E-01   1.9970415E+00   3.0101879E+02   1.2625565E+00   3.5977656E+02   1.5582843E+02
  1.8000000E+03     3   4.0017557E+00   2.0071186E-01   1.9993903E+00   3.4067622E+02   1.0782902E+00   3.5992337E+02   1.5590333E+02
  1.8100000E+03     1   1.0000008E+00   9.9496832E-02   1.0125999E+00   8.0390353E+00   3.5939693E+02   2.0869908E+01   3.7897493E+01
  1.8100000E+03     2   2.9977299E+00   2.0004530E-01   1.9970412E+00   2.7459701E+02   1.2064054E+00   3.5977560E+02   7.6467158E+01
  1.8100000E+03     3   4.0003982E+00   1.9987261E-01   1.9994171E+00   7.0574418E+01   1.2062948E+00   3.5992072E+02   7.6177143E+01
  1.8200000E+03     1   1.0000025E+00   9.9496791E-02   1.0126587E+00   8.0655513E+00   3.5939518E+02   2.0874960E+01   3.1830928E+02
  1.8200000E+03     2   2.9975338E+00   2.0001185E-01   1.9970421E+00   2.4836498E+02   9.2266870E-01   3.5977409E+02   3.5745603E+02
  1.8200000E+03     3   4.0002468E+00   1.9984826E-01   1.9994790E+00   1.6037039E+02   1.4867686E+00   3.5992118E+02   3.5603366E+02
  1.8300000E+03     1   1.0000010E+00   9.9504218E-02   1.0127373E+00   8.1034725E+00   3.5939113E+02   2.0879458E+01   2.3907690E+02
  1.8300000E+03     2   2.9977702E+00   1.9991185E-01   1.9970322E+00   2.2196669E+02   9.2493773E-01   3.5977242E+02   2.7822336E+02
  1.8300000E+03     3   4.0001782E+00   1.9997942E-01   1.9994547E+00   2.5031264E+02   1.5158048E+00   3.5992250E+02   2.7674147E+02
  1.8400000E+03     1   1.0000017E+00   9.9488778E-02   1.0127998E+00   8.1441790E+00   3.5938142E+02   2.0884215E+01   1.5989549E+02
  1.8400000E+03     2   2.9971484E+00   1.9933485E-01   1.9970239E+00   1.9567637E+02   8.3158931E-01   3.5977090E+02   1.9922179E+02
  1.8400000E+03     3   4.0014364E+00   2.0074067E-01   1.9993804E+00   3.4021956E+02   1.5656362E+00   3.5992151E+02   1.9745247E+02
  1.8500000E+03     1   1.0000006E+00   9.9488041E-02   1.0128779E+00   8.1678809E+00   3.5938322E+02   2.0889622E+01   8.1066707E+01
  1.8500000E+03     2   2.9970403E+00   1.9876832E-01   1.9970044E+00   1.6928492E+02   9.6383386E-01   3.5976894E+02   1.2014683E+02
  1.8500000E+03     3   4.0018955E+00   2.0114455E-01   1.9994075E+00   7.0105356E+01   1.5235865E+00   3.5991896E+02   1.1872728E+02
  1.8600000E+03     1   1.0000004E+00   9.9490527E-02   1.0129520E+00   8.2129639E+00   3.5937389E+02   2.0894011E+01   2.4756020E+00
  1.8600000E+03     2   2.9972243E+00   1.9873268E-01   1.9969746E+00   1.4305935E+02   1.0040696E+00   3.5976734E+02   4.1468597E+01
  1.8600000E+03     3   4.0016002E+00   2.0127144E-01   1.9994651E+00   1.5995148E+02   1.4601072E+00   3.5991943E+02   4.0252339E+01
  1.8700000E+03     1   1.0000016E+00   9.9477584E-02   1.0130188E+00   8.2408338E+00   3.5937466E+02   2.0898653E+01   2.8377982E+02
  1.8700000E+03     2   2.9972749E+00   1.9861731E-01   1.9969445E+00   1.1671302E+02   1.1347896E+00   3.5976571E+02   3.2252543E+02
  1.8700000E+03     3   4.0008729E+00   2.0126503E-01   1.9994454E+00   2.4989063E+02   1.3405963E+00   3.5992076E+02   3.2180372E+02
  1.8800000E+03     1   9.9999799E-01   9.9475608E-02   1.0130987E+00   8.2728205E+00   3.5937100E+02   2.0903847E+01   2.0510468E+02
  1.8800000E+03     2   2.9973914E+00   1.9901869E-01   1.9968979E+00   9.0326239E+01   1.3101565E+00   3.5976429E+02   2.4350549E+02
  1.8800000E+03     3   4.0018452E+00   2.0105737E-01   1.9993752E+00   3.3984377E+02   1.2039453E+00   3.5991980E+02   2.4340689E+02
  1.8900000E+03     1   9.9999963E-01   9.9468025E-02   1.0131721E+00   8.3116564E+00   3.5936884E+02   2.0907729E+01   1.2627949E+02
  1.8900000E+03     2   2.9985482E+00   1.9920772E-01   1.9968609E+00   6.4033797E+01   1.3431018E+00   3.5976338E+02   1.6461965E+02
  1.8900000E+03     3   4.0012345E+00   2.0075395E-01   1.9993987E+00   6.9686567E+01   1.2008769E+00   3.5991722E+02   1.6459643E+02
  1.9000000E+03     1   1.0000038E+00   9.9472957E-02   1.0132310E+00   8.3342096E+00   3.5937223E+02   2.0912800E+01   4.7060231E+01
  1.9000000E+03     2   2.9982696E+00   1.9975029E-01   1.9968298E+00   3.7630942E+01   1.3562901E+00   3.5976261E+02   8.5392487E+01
  1.9000000E+03     3   4.0001478E+00   2.0025054E-01   1.9994593E+00   1.5966136E+02   1.1882000E+00   3.5991755E+02   8.5418784E+01
  1.9100000E+03     1   1.0000052E+00   9.9489764E-02   1.0133123E+00   8.3749839E+00   3.5936386E+02   2.0917388E+01   3.2755813E+02
  1.9100000E+03     2   2.9985258E+00   2.0032448E-01   1.9967970E+00   1.1390609E+01   1.1064013E+00   3.5976194E+02   6.3839376E+00
  1.9100000E+03     3   3.9996122E+00   1.9975753E-01   1.9994381E+00   2.4947809E+02   1.4384793E+00   3.5991885E+02   5.4059573E+00
  1.9200000E+03     1   9.9999870E-01   9.9460567E-02   1.0133754E+00   8.4238411E+00   3.5934938E+02   2.0922083E+01   2.4802524E+02
  1.9200000E+03     2   2.9993945E+00   1.9993079E-01   1.9967870E+00   3.4504073E+02   9.5213505E-01   3.5976163E+02   2.8714065E+02
  1.9200000E+03     3   4.0002554E+00   2.0012701E-01   1.9993655E+00   3.3940470E+02   1.5717721E+00   3.5991788E+02   2.8558886E+02
  1.9300000E+03     1   9.9999887E-01   9.9450882E-02   1.0134505E+00   8.4394004E+00   3.5935929E+02   2.0927353E+01   1.6887435E+02
  1.9300000E+03     2   2.9976710E+00   1.9969117E-01   1.9967892E+00   3.1873818E+02   8.9239484E-01   3.5976065E+02   2.0814154E+02
  1.9300000E+03     3   4.0011895E+00   2.0035182E-01   1.9993901E+00   6.9245969E+01   1.6623558E+00   3.5991530E+02   2.0629233E+02
  1.9400000E+03     1   9.9999928E-01   9.9468185E-02   1.0135292E+00   8.4777944E+00   3.5935675E+02   2.0931729E+01   8.9867737E+01
  1.9400000E+03     2   2.9973436E+00   1.9893818E-01   1.9967836E+00   2.9237055E+02   9.4015644E-01   3.5975961E+02   1.2904516E+02
  1.9400000E+03     3   4.0007456E+00   2.0099494E-01   1.9994484E+00   1.5920403E+02   1.6104672E+00   3.5991575E+02   1.2739226E+02
  1.9500000E+03     1   1.0000023E+00   9.9463814E-02   1.0135931E+00   8.5143802E+00   3.5935302E+02   2.0935560E+01   1.1076149E+01
  1.9500000E+03     2   2.9971510E+00   1.9872712E-01   1.9967846E+00   2.6599373E+02   1.0665890E+00   3.5975843E+02   5.0003262E+01
  1.9500000E+03     3   4.0015116E+00   2.0128702E-01   1.9994293E+00   2.4914750E+02   1.5123642E+00   3.5991708E+02   4.8794418E+01
  1.9600000E+03     1   1.0000006E+00   9.9461218E-02   1.0136615E+00   8.5445247E+00   3.5934965E+02   2.0941047E+01   2.9250757E+02
  1.9600000E+03     2   2.9968565E+00   1.9871970E-01   1.9967859E+00   2.3977793E+02   1.1067109E+00   3.5975675E+02   3.3136203E+02
  1.9600000E+03     3   4.0021330E+00   2.0134328E-01   1.9993542E+00   3.3899479E+02   1.4460737E+00   3.5991622E+02   3.3036438E+02
  1.9700000E+03     1   1.0000003E+00   9.9463802E-02   1.0137413E+00   8.5883232E+00   3.5934295E+02   2.0945373E+01   2.1388362E+02
  1.9700000E+03     2   2.9970225E+00   1.9881956E-01   1.9967678E+00   2.1339106E+02   1.2993642E+00   3.5975521E+02   2.5235111E+02
  1.9700000E+03     3   4.0016285E+00   2.0114554E-01   1.9993822E+00   6.8868473E+01   1.3546425E+00   3.5991362E+02   2.5192374E+02
  1.9800000E+03     1   1.0000023E+00   9.9455795E-02   1.0138003E+00   8.6217425E+00   3.5933847E+02   2.0950299E+01   1.3501538E+02
  1.9800000E+03     2   2.9973018E+00   1.9928055E-01   1.9967556E+00   1.8704463E+02   1.3695571E+00   3.5975362E+02   1.7334656E+02
  1.9800000E+03     3   4.0011069E+00   2.0068941E-01   1.9994439E+00   1.5885048E+02   1.2354676E+00   3.5991391E+02   1.7329416E+02
  1.9900000E+03     1   1.0000003E+00   9.9460269E-02   1.0138805E+00   8.6527214E+00   3.5933818E+02   2.0955261E+01   5.6140411E+01
  1.9900000E+03     2   2.9973519E+00   1.9933152E-01   1.9967320E+00   1.6074633E+02   1.3930963E+00   3.5975172E+02   9.4437650E+01
  1.9900000E+03     3   4.0006302E+00   2.0055337E-01   1.9994217E+00   2.4871731E+02   1.2379316E+00   3.5991522E+02   9.4420983E+01
  2.0000000E+03     1   9.9999976E-01   9.9447204E-02   1.0139519E+00   8.7002818E+00   3.5932731E+02   2.0959767E+01   3.3674397E+02
  2.0000000E+03     2   2.9977603E+00   2.0013471E-01   1.9967022E+00   1.3439072E+02   1.2941632E+00   3.5975027E+02   1.5229249E+01
  2.0000000E+03     3   4.0005941E+00   1.9988900E-01   1.9993483E+00   3.3863119E+02   1.3435743E+00   3.5991430E+02   1.4802370E+01
