  0.0000000E+00     1   1.0000000E+00   1.0000000E-01   1.0000000E+00   3.5999999E+02   1.0761914E-05   2.0000000E+01   2.9999997E+02
  0.0000000E+00     2   3.0000000E+00   2.0000000E-01   2.0000000E+00   2.3660469E-06   3.6000000E+02   0.0000000E+00   3.4000000E+02
  1.0000000E+01     1   9.9999565E-01   9.9971976E-02   1.0000401E+00   5.7633940E-02   3.5999779E+02   2.0003722E+01   2.1912987E+02
  1.0000000E+01     2   2.9997854E+00   1.9994665E-01   2.0000041E+00   3.3307491E+02   3.5998961E+02   3.5999950E+02   2.5915468E+02
  2.0000000E+01     1   9.9999474E-01   9.9976757E-02   1.0000971E+00   1.0386786E-01   5.3841306E-03   2.0007702E+01   1.3823969E+02
  2.0000000E+01     2   2.9995198E+00   1.9989981E-01   2.0000091E+00   3.0613018E+02   3.5999893E+02   3.5999850E+02   1.7827100E+02
  3.0000000E+01     1   9.9999596E-01   9.9984722E-02   1.0001502E+00   1.7261156E-01   3.5999961E+02   2.0010399E+01   5.7352430E+01
  3.0000000E+01     2   2.9993089E+00   1.9988884E-01   2.0000140E+00   2.7917776E+02   9.7595482E-03   3.5999751E+02   9.7357919E+01
  4.0000000E+01     1   9.9999819E-01   9.9979039E-02   1.0001888E+00   2.2665265E-01   3.5999808E+02   2.0014023E+01   3.3647704E+02
  4.0000000E+01     2   2.9991686E+00   1.9989809E-01   2.0000275E+00   2.5222996E+02   2.0671634E-02   3.5999603E+02   1.6467836E+01
  5.0000000E+01     1   9.9999650E-01   9.9987074E-02   1.0002436E+00   2.8812137E-01   3.5999437E+02   2.0017820E+01   2.5558833E+02
  5.0000000E+01     2   2.9991272E+00   1.9992597E-01   2.0000244E+00   2.2528641E+02   2.3678606E-02   3.5999425E+02   2.9557684E+02
  6.0000000E+01     1   9.9999804E-01   9.9979027E-02   1.0002876E+00   3.5547616E-01   3.5998672E+02   2.0021023E+01   1.7470390E+02
  6.0000000E+01     2   2.9991066E+00   1.9992773E-01   2.0000196E+00   1.9834648E+02   2.1823823E-02   3.5999256E+02   2.1469060E+02
  7.0000000E+01     1   9.9999742E-01   9.9975824E-02   1.0003363E+00   4.0639357E-01   3.5998710E+02   2.0025310E+01   9.3821706E+01
  7.0000000E+01     2   2.9991471E+00   1.9992526E-01   2.0000070E+00   1.7140757E+02   2.3676981E-02   3.5999053E+02   1.3381811E+02
  8.0000000E+01     1   9.9999618E-01   9.9977254E-02   1.0003939E+00   4.7470372E-01   3.5998004E+02   2.0028638E+01   1.2933044E+01
  8.0000000E+01     2   2.9992324E+00   1.9991267E-01   1.9999779E+00   1.4446592E+02   2.3245447E-02   3.5998876E+02   5.2926393E+01
  9.0000000E+01     1   9.9999743E-01   9.9963643E-02   1.0004377E+00   5.3222427E-01   3.5997804E+02   2.0032269E+01   2.9205121E+02
  9.0000000E+01     2   2.9993360E+00   1.9988593E-01   1.9999519E+00   1.1752000E+02   3.1028313E-02   3.5998709E+02   3.3203559E+02
  1.0000000E+02     1   9.9999483E-01   9.9965971E-02   1.0004961E+00   5.8588820E-01   3.5997843E+02   2.0036111E+01   2.1117110E+02
  1.0000000E+02     2   2.9995190E+00   1.9988797E-01   1.9999104E+00   9.0571046E+01   4.3646221E-02   3.5998551E+02   2.5114187E+02
  1.1000000E+02     1   9.9999553E-01   9.9958795E-02   1.0005433E+00   6.5260996E-01   3.5997444E+02   2.0038859E+01   1.3028523E+02
  1.1000000E+02     2   2.9997187E+00   1.9990613E-01   1.9998700E+00   6.3619697E+01   5.4967777E-02   3.5998458E+02   1.7023273E+02
  1.2000000E+02     1   9.9999854E-01   9.9959418E-02   1.0005834E+00   6.9944291E-01   3.5997967E+02   2.0042759E+01   4.9408519E+01
  1.2000000E+02     2   2.9999233E+00   1.9996123E-01   1.9998407E+00   3.6678888E+01   6.2448553E-02   3.5998375E+02   8.9360988E+01
  1.3000000E+02     1   1.0000014E+00   9.9977442E-02   1.0006414E+00   7.6705093E-01   3.5996993E+02   2.0046412E+01   3.2854859E+02
  1.3000000E+02     2   3.0000210E+00   2.0000892E-01   1.9998112E+00   9.7553557E+00   4.9677379E-02   3.5998319E+02   8.5155420E+00
  1.4000000E+02     1   9.9999630E-01   9.9952986E-02   1.0006842E+00   8.3796490E-01   3.5995892E+02   2.0049743E+01   2.4768641E+02
  1.4000000E+02     2   2.9998778E+00   1.9997809E-01   1.9998063E+00   3.4283371E+02   3.3564187E-02   3.5998285E+02   2.8767091E+02
  1.5000000E+02     1   9.9999514E-01   9.9944166E-02   1.0007340E+00   8.8069740E-01   3.5996738E+02   2.0053894E+01   1.6680232E+02
  1.5000000E+02     2   2.9996020E+00   1.9991753E-01   1.9998139E+00   3.1589614E+02   3.7508158E-02   3.5998196E+02   2.0680592E+02
  1.6000000E+02     1   9.9999500E-01   9.9957864E-02   1.0007938E+00   9.4414325E-01   3.5996578E+02   2.0056967E+01   8.5909614E+01
  1.6000000E+02     2   2.9993743E+00   1.9989849E-01   1.9998155E+00   2.8894406E+02   4.8989231E-02   3.5998095E+02   1.2589522E+02
  1.7000000E+02     1   9.9999797E-01   9.9952535E-02   1.0008333E+00   1.0054493E+00   3.5996105E+02   2.0060011E+01   5.0333479E+00
  1.7000000E+02     2   2.9992017E+00   1.9989876E-01   1.9998282E+00   2.6199442E+02   5.9843098E-02   3.5997973E+02   4.4996329E+01
  1.8000000E+02     1   9.9999704E-01   9.9957147E-02   1.0008830E+00   1.0594234E+00   3.5996052E+02   2.0064084E+01   2.8414943E+02
  1.8000000E+02     2   2.9991343E+00   1.9992499E-01   1.9998315E+00   2.3504950E+02   6.6768238E-02   3.5997795E+02   3.2410920E+02
  1.9000000E+02     1   9.9999720E-01   9.9956805E-02   1.0009337E+00   1.1302919E+00   3.5995175E+02   2.0067206E+01   2.0326121E+02
  1.9000000E+02     2   2.9991113E+00   1.9993733E-01   1.9998245E+00   2.0810849E+02   6.4670754E-02   3.5997629E+02   2.4321720E+02
  2.0000000E+02     1   9.9999825E-01   9.9947154E-02   1.0009761E+00   1.1837788E+00   3.5995056E+02   2.0071213E+01   1.2238053E+02
  2.0000000E+02     2   2.9991241E+00   1.9993215E-01   1.9998183E+00   1.8116965E+02   6.5847217E-02   3.5997438E+02   1.6234363E+02
  2.1000000E+02     1   9.9999603E-01   9.9952071E-02   1.0010354E+00   1.2451314E+00   3.5994669E+02   2.0075016E+01   4.1492983E+01
  2.1000000E+02     2   2.9992056E+00   1.9992769E-01   1.9997923E+00   1.5422936E+02   6.5936429E-02   3.5997245E+02   8.1459626E+01
  2.2000000E+02     1   9.9999729E-01   9.9940508E-02   1.0010818E+00   1.3109664E+00   3.5994075E+02   2.0078227E+01   3.2060802E+02
  2.2000000E+02     2   2.9992953E+00   1.9990034E-01   1.9997659E+00   1.2728473E+02   6.9737054E-02   3.5997084E+02   5.6482845E-01
  2.3000000E+02     1   9.9999586E-01   9.9936893E-02   1.0011344E+00   1.3602548E+00   3.5994287E+02   2.0082323E+01   2.3972928E+02
  2.3000000E+02     2   2.9994520E+00   1.9989143E-01   1.9997314E+00   1.0033685E+02   8.2398283E-02   3.5996913E+02   2.7967662E+02
  2.4000000E+02     1   9.9999467E-01   9.9936358E-02   1.0011902E+00   1.4265867E+00   3.5993839E+02   2.0085239E+01   1.5884459E+02
  2.4000000E+02     2   2.9996527E+00   1.9990473E-01   1.9996867E+00   7.3385752E+01   9.3610152E-02   3.5996800E+02   1.9876864E+02
  2.5000000E+02     1   9.9999753E-01   9.9927916E-02   1.0012277E+00   1.4797737E+00   3.5994125E+02   2.0088650E+01   7.7962902E+01
  2.5000000E+02     2   2.9998543E+00   1.9994438E-01   1.9996562E+00   4.6439224E+01   1.0440482E-01   3.5996717E+02   1.1787957E+02
  2.6000000E+02     1   1.0000011E+00   9.9947012E-02   1.0012814E+00   1.5348067E+00   3.5993962E+02   2.0092643E+01   3.5709716E+02
  2.6000000E+02     2   3.0000116E+00   2.0000708E-01   1.9996255E+00   1.9510883E+01   9.8924187E-02   3.5996644E+02   3.7030949E+01
  2.7000000E+02     1   9.9999788E-01   9.9937177E-02   1.0013317E+00   1.6134011E+00   3.5992331E+02   2.0095806E+01   2.7624034E+02
  2.7000000E+02     2   2.9999534E+00   2.0000510E-01   1.9996094E+00   3.5259030E+02   8.0605992E-02   3.5996612E+02   3.1618511E+02
  2.8000000E+02     1   9.9999538E-01   9.9915102E-02   1.0013747E+00   1.6614381E+00   3.5992761E+02   2.0099798E+01   1.9536336E+02
  2.8000000E+02     2   2.9996938E+00   1.9994203E-01   1.9996168E+00   3.2566018E+02   7.6742321E-02   3.5996543E+02   2.3533385E+02
  2.9000000E+02     1   9.9999466E-01   9.9927215E-02   1.0014353E+00   1.7150034E+00   3.5993168E+02   2.0103409E+01   1.1446999E+02
  2.9000000E+02     2   2.9994443E+00   1.9990936E-01   1.9996188E+00   2.9871088E+02   8.8149347E-02   3.5996439E+02   1.5443508E+02
  3.0000000E+02     1   9.9999702E-01   9.9928289E-02   1.0014817E+00   1.7827351E+00   3.5992503E+02   2.0106075E+01   3.3588310E+01
  3.0000000E+02     2   2.9992493E+00   1.9990361E-01   1.9996268E+00   2.7175941E+02   9.8707247E-02   3.5996334E+02   7.3526428E+01
  3.1000000E+02     1   9.9999785E-01   9.9926439E-02   1.0015245E+00   1.8340654E+00   3.5992513E+02   2.0110035E+01   3.1271002E+02
  3.1000000E+02     2   2.9991446E+00   1.9992160E-01   1.9996366E+00   2.4481308E+02   1.0841200E-01   3.5996169E+02   3.5264012E+02
  3.2000000E+02     1   9.9999656E-01   9.9932830E-02   1.0015798E+00   1.9016460E+00   3.5991843E+02   2.0113459E+01   2.3181990E+02
  3.2000000E+02     2   2.9991185E+00   1.9994450E-01   1.9996297E+00   2.1787080E+02   1.0828963E-01   3.5995998E+02   2.7174713E+02
  3.3000000E+02     1   9.9999842E-01   9.9921467E-02   1.0016209E+00   1.9627254E+00   3.5991355E+02   2.0116965E+01   1.5093807E+02
  3.3000000E+02     2   2.9991109E+00   1.9994033E-01   1.9996255E+00   1.9093157E+02   1.0765712E-01   3.5995822E+02   1.9086735E+02
  3.4000000E+02     1   9.9999661E-01   9.9923616E-02   1.0016759E+00   2.0164999E+00   3.5991296E+02   2.0121160E+01   7.0053483E+01
  3.4000000E+02     2   2.9991764E+00   1.9993856E-01   1.9996064E+00   1.6399221E+02   1.0903740E-01   3.5995620E+02   1.0999124E+02
  3.5000000E+02     1   9.9999663E-01   9.9919077E-02   1.0017290E+00   2.0864872E+00   3.5990509E+02   2.0124258E+01   3.4916590E+02
  3.5000000E+02     2   2.9992642E+00   1.9991779E-01   1.9995779E+00   1.3704913E+02   1.0980179E-01   3.5995455E+02   2.9095901E+01
  3.6000000E+02     1   9.9999692E-01   9.9908425E-02   1.0017754E+00   2.1380829E+00   3.5990597E+02   2.0128200E+01   2.6828631E+02
  3.6000000E+02     2   2.9993904E+00   1.9989734E-01   1.9995497E+00   1.1010219E+02   1.2059987E-01   3.5995284E+02   3.0820777E+02
  3.7000000E+02     1   9.9999441E-01   9.9911864E-02   1.0018355E+00   2.1980047E+00   3.5990386E+02   2.0131610E+01   1.8740427E+02
  3.7000000E+02     2   2.9995867E+00   1.9990618E-01   1.9995052E+00   8.3152206E+01   1.3257151E-01   3.5995145E+02   2.2730717E+02
  3.8000000E+02     1   9.9999651E-01   9.9901433E-02   1.0018766E+00   2.2600402E+00   3.5990249E+02   2.0134522E+01   1.0651943E+02
  3.8000000E+02     2   2.9997842E+00   1.9993225E-01   1.9994702E+00   5.6202165E+01   1.4406740E-01   3.5995060E+02   1.4640411E+02
  3.9000000E+02     1   9.9999988E-01   9.9911809E-02   1.0019228E+00   2.3071553E+00   3.5990651E+02   2.0138593E+01   2.5647681E+01
  3.9000000E+02     2   2.9999741E+00   1.9999563E-01   1.9994408E+00   2.9267221E+01   1.4638172E-01   3.5994978E+02   6.5545566E+01
  4.0000000E+02     1   1.0000000E+00   9.9919789E-02   1.0019798E+00   2.3832180E+00   3.5989148E+02   2.0141925E+01   3.0479119E+02
  4.0000000E+02     2   3.0000017E+00   2.0002284E-01   1.9994156E+00   2.3458528E+00   1.2967603E-01   3.5994934E+02   3.4469996E+02
  4.1000000E+02     1   9.9999554E-01   9.9891607E-02   1.0020201E+00   2.4434458E+00   3.5988766E+02   2.0145536E+01   2.2392208E+02
  4.1000000E+02     2   2.9997915E+00   1.9997233E-01   1.9994179E+00   3.3542144E+02   1.1808200E-01   3.5994885E+02   2.6385460E+02
  4.2000000E+02     1   9.9999489E-01   9.9894216E-02   1.0020762E+00   2.4883624E+00   3.5989581E+02   2.0149553E+01   1.4303267E+02
  4.2000000E+02     2   2.9995197E+00   1.9992270E-01   1.9994227E+00   3.0847765E+02   1.2687915E-01   3.5994785E+02   1.8297395E+02
  4.3000000E+02     1   9.9999583E-01   9.9903747E-02   1.0021315E+00   2.5566330E+00   3.5989061E+02   2.0152276E+01   6.2143863E+01
  4.3000000E+02     2   2.9993079E+00   1.9991152E-01   1.9994255E+00   2.8152508E+02   1.3778877E-01   3.5994685E+02   1.0206037E+02
  4.4000000E+02     1   9.9999827E-01   9.9897578E-02   1.0021702E+00   2.6118878E+00   3.5988850E+02   2.0155760E+01   3.4126849E+02
  4.4000000E+02     2   2.9991649E+00   1.9991928E-01   1.9994383E+00   2.5457712E+02   1.4850288E-01   3.5994543E+02   2.1169140E+01
  4.5000000E+02     1   9.9999658E-01   9.9905351E-02   1.0022247E+00   2.6717130E+00   3.5988555E+02   2.0159610E+01   2.6038034E+02
  4.5000000E+02     2   2.9991246E+00   1.9994724E-01   1.9994355E+00   2.2763349E+02   1.5203564E-01   3.5994366E+02   3.0027928E+02
  4.6000000E+02     1   9.9999787E-01   9.9898602E-02   1.0022703E+00   2.7402498E+00   3.5987745E+02   2.0162738E+01   1.7949514E+02
  4.6000000E+02     2   2.9991081E+00   1.9995012E-01   1.9994297E+00   2.0069347E+02   1.4983824E-01   3.5994201E+02   2.1939182E+02
  4.7000000E+02     1   9.9999758E-01   9.9893941E-02   1.0023179E+00   2.7911203E+00   3.5987780E+02   2.0166972E+01   9.8613490E+01
  4.7000000E+02     2   2.9991476E+00   1.9994626E-01   1.9994184E+00   1.7375458E+02   1.5171626E-01   3.5994001E+02   1.3851957E+02
  4.8000000E+02     1   9.9999604E-01   9.9896503E-02   1.0023767E+00   2.8583802E+00   3.5987125E+02   2.0170361E+01   1.7725040E+01
  4.8000000E+02     2   2.9992368E+00   1.9993509E-01   1.9993897E+00   1.4681308E+02   1.5144118E-01   3.5993823E+02   5.7628920E+01
  4.9000000E+02     1   9.9999740E-01   9.9882767E-02   1.0024210E+00   2.9176053E+00   3.5986846E+02   2.0173872E+01   2.9684287E+02
  4.9000000E+02     2   2.9993394E+00   1.9990770E-01   1.9993642E+00   1.1986721E+02   1.5868076E-01   3.5993660E+02   3.3673698E+02
  5.0000000E+02     1   9.9999496E-01   9.9884279E-02   1.0024789E+00   2.9699650E+00   3.5986942E+02   2.0177770E+01   2.1596343E+02
  5.0000000E+02     2   2.9995192E+00   1.9990855E-01   1.9993247E+00   9.2918405E+01   1.7159060E-01   3.5993499E+02   2.5584464E+02
  5.1000000E+02     1   9.9999542E-01   9.9878462E-02   1.0025284E+00   3.0371869E+00   3.5986509E+02   2.0180492E+01   1.3507790E+02
  5.1000000E+02     2   2.9997174E+00   1.9992642E-01   1.9992839E+00   6.5967140E+01   1.8277577E-01   3.5993403E+02   1.7493546E+02
  5.2000000E+02     1   9.9999865E-01   9.9877095E-02   1.0025681E+00   3.0848108E+00   3.5987012E+02   2.0184284E+01   5.4200430E+01
  5.2000000E+02     2   2.9999160E+00   1.9997875E-01   1.9992554E+00   3.9025407E+01   1.9089948E-01   3.5993318E+02   9.4061083E+01
  5.3000000E+02     1   1.0000014E+00   9.9895957E-02   1.0026262E+00   3.1500057E+00   3.5986186E+02   2.0187991E+01   3.3333986E+02
  5.3000000E+02     2   3.0000191E+00   2.0002972E-01   1.9992255E+00   1.2101227E+01   1.7934713E-01   3.5993257E+02   1.3215737E+01
  5.4000000E+02     1   9.9999620E-01   9.9873450E-02   1.0026703E+00   3.2229948E+00   3.5984955E+02   2.0191238E+01   2.5247849E+02
  5.4000000E+02     2   2.9998841E+00   2.0000355E-01   1.9992184E+00   3.4517985E+02   1.6256613E-01   3.5993221E+02   2.9237053E+02
  5.5000000E+02     1   9.9999523E-01   9.9862080E-02   1.0027190E+00   3.2660254E+00   3.5985767E+02   2.0195357E+01   1.7159538E+02
  5.5000000E+02     2   2.9996039E+00   1.9994128E-01   1.9992256E+00   3.1824342E+02   1.6540334E-01   3.5993133E+02   2.1150796E+02
  5.6000000E+02     1   9.9999498E-01   9.9876210E-02   1.0027799E+00   3.3277406E+00   3.5985715E+02   2.0198513E+01   9.0701897E+01
  5.6000000E+02     2   2.9993732E+00   1.9992100E-01   1.9992259E+00   2.9129150E+02   1.7707284E-01   3.5993030E+02   1.3059847E+02
  5.7000000E+02     1   9.9999790E-01   9.9871709E-02   1.0028208E+00   3.3905780E+00   3.5985185E+02   2.0201430E+01   9.8246653E+00
  5.7000000E+02     2   2.9991994E+00   1.9992063E-01   1.9992368E+00   2.6434160E+02   1.8763744E-01   3.5992912E+02   4.9697708E+01
  5.8000000E+02     1   9.9999724E-01   9.9875103E-02   1.0028695E+00   3.4435247E+00   3.5985171E+02   2.0205489E+01   2.8894172E+02
  5.8000000E+02     2   2.9991302E+00   1.9994563E-01   1.9992406E+00   2.3739662E+02   1.9495113E-01   3.5992738E+02   3.2881147E+02
  5.9000000E+02     1   9.9999704E-01   9.9876319E-02   1.0029218E+00   3.5142786E+00   3.5984313E+02   2.0208622E+01   2.0805284E+02
  5.9000000E+02     2   2.9991121E+00   1.9995964E-01   1.9992327E+00   2.1045552E+02   1.9287404E-01   3.5992573E+02   2.4791913E+02
  6.0000000E+02     1   9.9999831E-01   9.9865815E-02   1.0029639E+00   3.5689878E+00   3.5984134E+02   2.0212509E+01   1.2717219E+02
  6.0000000E+02     2   2.9991248E+00   1.9995343E-01   1.9992269E+00   1.8351665E+02   1.9372038E-01   3.5992387E+02   1.6704471E+02
  6.1000000E+02     1   9.9999604E-01   9.9870664E-02   1.0030231E+00   3.6287045E+00   3.5983822E+02   2.0216384E+01   4.6285264E+01
  6.1000000E+02     2   2.9992083E+00   1.9994936E-01   1.9992020E+00   1.5657646E+02   1.9419649E-01   3.5992194E+02   8.6162208E+01
  6.2000000E+02     1   9.9999711E-01   9.9860203E-02   1.0030711E+00   3.6958306E+00   3.5983170E+02   2.0219515E+01   3.2539995E+02
  6.2000000E+02     2   2.9993002E+00   1.9992273E-01   1.9991755E+00   1.2963195E+02   1.9751088E-01   3.5992035E+02   5.2666629E+00
  6.3000000E+02     1   9.9999604E-01   9.9855131E-02   1.0031227E+00   3.7450061E+00   3.5983386E+02   2.0223587E+01   2.4452147E+02
  6.3000000E+02     2   2.9994527E+00   1.9991194E-01   1.9991431E+00   1.0268412E+02   2.1017685E-01   3.5991864E+02   2.8437873E+02
  6.4000000E+02     1   9.9999459E-01   9.9855825E-02   1.0031803E+00   3.8104325E+00   3.5982970E+02   2.0226562E+01   1.6363750E+02
  6.4000000E+02     2   2.9996526E+00   1.9992542E-01   1.9990988E+00   7.5733263E+01   2.2150833E-01   3.5991746E+02   2.0347207E+02
  6.5000000E+02     1   9.9999758E-01   9.9846554E-02   1.0032185E+00   3.8653701E+00   3.5983178E+02   2.0229838E+01   8.2755285E+01
  6.5000000E+02     2   2.9998486E+00   1.9996257E-01   1.9990683E+00   4.8786159E+01   2.3238235E-01   3.5991663E+02   1.2258050E+02
  6.6000000E+02     1   1.0000011E+00   9.9864509E-02   1.0032715E+00   3.9183743E+00   3.5983145E+02   2.0233848E+01   1.8888169E+00
  6.6000000E+02     2   3.0000065E+00   2.0002592E-01   1.9990382E+00   2.1856851E+01   2.2832309E-01   3.5991585E+02   4.1731058E+01
  6.7000000E+02     1   9.9999787E-01   9.9857731E-02   1.0033235E+00   3.9972831E+00   3.5981492E+02   2.0236993E+01   2.8103225E+02
  6.7000000E+02     2   2.9999577E+00   2.0002926E-01   1.9990201E+00   3.5493622E+02   2.1004765E-01   3.5991549E+02   3.2088499E+02
  6.8000000E+02     1   9.9999534E-01   9.9833984E-02   1.0033657E+00   4.0472511E+00   3.5981799E+02   2.0240894E+01   2.0015627E+02
  6.8000000E+02     2   2.9996984E+00   1.9996691E-01   1.9990265E+00   3.2800709E+02   2.0481487E-01   3.5991481E+02   2.4003477E+02
  6.9000000E+02     1   9.9999477E-01   9.9844946E-02   1.0034263E+00   4.0988139E+00   3.5982308E+02   2.0244582E+01   1.1926311E+02
  6.9000000E+02     2   2.9994432E+00   1.9993174E-01   1.9990280E+00   3.0105839E+02   2.1616073E-01   3.5991375E+02   1.5913861E+02
  7.0000000E+02     1   9.9999688E-01   9.9847707E-02   1.0034749E+00   4.1672395E+00   3.5981641E+02   2.0247200E+01   3.8379832E+01
  7.0000000E+02     2   2.9992480E+00   1.9992595E-01   1.9990337E+00   2.7410665E+02   2.2659672E-01   3.5991272E+02   7.8228420E+01
  7.1000000E+02     1   9.9999804E-01   9.9844636E-02   1.0035168E+00   4.2188496E+00   3.5981629E+02   2.0251061E+01   3.1750222E+02
  7.1000000E+02     2   2.9991403E+00   1.9994218E-01   1.9990434E+00   2.4716023E+02   2.3634791E-01   3.5991113E+02   3.5734196E+02
  7.2000000E+02     1   9.9999652E-01   9.9851779E-02   1.0035729E+00   4.2851110E+00   3.5981029E+02   2.0254548E+01   2.3661206E+02
  7.2000000E+02     2   2.9991177E+00   1.9996622E-01   1.9990362E+00   2.2021786E+02   2.3661786E-01   3.5990941E+02   2.7644966E+02
  7.3000000E+02     1   9.9999834E-01   9.9840830E-02   1.0036149E+00   4.3478566E+00   3.5980467E+02   2.0257931E+01   1.5572972E+02
  7.3000000E+02     2   2.9991123E+00   1.9996218E-01   1.9990314E+00   1.9327857E+02   2.3551816E-01   3.5990771E+02   1.9556848E+02
  7.4000000E+02     1   9.9999674E-01   9.9841805E-02   1.0036689E+00   4.4005536E+00   3.5980453E+02   2.0262141E+01   7.4845883E+01
  7.4000000E+02     2   2.9991776E+00   1.9995954E-01   1.9990138E+00   1.6633926E+02   2.3718820E-01   3.5990571E+02   1.1469344E+02
  7.5000000E+02     1   9.9999642E-01   9.9838835E-02   1.0037238E+00   4.4705503E+00   3.5979670E+02   2.0265244E+01   3.5395818E+02
  7.5000000E+02     2   2.9992693E+00   1.9994030E-01   1.9989852E+00   1.3939633E+02   2.3779146E-01   3.5990406E+02   3.3798361E+01
  7.6000000E+02     1   9.9999701E-01   9.9827129E-02   1.0037697E+00   4.5233396E+00   3.5979702E+02   2.0269087E+01   2.7307844E+02
  7.6000000E+02     2   2.9993924E+00   1.9991828E-01   1.9989584E+00   1.1244943E+02   2.4822252E-01   3.5990238E+02   3.1290945E+02
  7.7000000E+02     1   9.9999445E-01   9.9830732E-02   1.0038302E+00   4.5816606E+00   3.5979558E+02   2.0272584E+01   1.9219723E+02
  7.7000000E+02     2   2.9995868E+00   1.9992675E-01   1.9989153E+00   8.5499662E+01   2.6051720E-01   3.5990095E+02   2.3201063E+02
  7.8000000E+02     1   9.9999645E-01   9.9820932E-02   1.0038733E+00   4.6451678E+00   3.5979346E+02   2.0275400E+01   1.1131233E+02
  7.8000000E+02     2   2.9997810E+00   1.9995154E-01   1.9988800E+00   5.8549442E+01   2.7183284E-01   3.5990008E+02   1.5110621E+02
  7.9000000E+02     1   9.9999994E-01   9.9829155E-02   1.0039186E+00   4.6917440E+00   3.5979800E+02   2.0279417E+01   3.0439790E+01
  7.9000000E+02     2   2.9999669E+00   2.0001317E-01   1.9988515E+00   3.1613437E+01   2.7526590E-01   3.5989923E+02   7.0245641E+01
  8.0000000E+02     1   1.0000001E+00   9.9839521E-02   1.0039767E+00   4.7662079E+00   3.5978392E+02   2.0282791E+01   3.0958295E+02
  8.0000000E+02     2   3.0000026E+00   2.0004508E-01   1.9988251E+00   4.6917150E+00   2.5931885E-01   3.5989873E+02   3.4940027E+02
  8.1000000E+02     1   9.9999541E-01   9.9811582E-02   1.0040174E+00   4.8290465E+00   3.5977849E+02   2.0286292E+01   2.2871483E+02
  8.1000000E+02     2   2.9997979E+00   1.9999785E-01   1.9988256E+00   3.3776791E+02   2.4659092E-01   3.5989825E+02   2.6855473E+02
  8.2000000E+02     1   9.9999503E-01   9.9811861E-02   1.0040725E+00   4.8729086E+00   3.5978706E+02   2.0290333E+01   1.4782625E+02
  8.2000000E+02     2   2.9995198E+00   1.9994544E-01   1.9988302E+00   3.1082512E+02   2.5475466E-01   3.5989724E+02   1.8767705E+02
  8.3000000E+02     1   9.9999572E-01   9.9822812E-02   1.0041298E+00   4.9404141E+00   3.5978256E+02   2.0293098E+01   6.6935994E+01
  8.3000000E+02     2   2.9993068E+00   1.9993393E-01   1.9988310E+00   2.8387244E+02   2.6579436E-01   3.5989623E+02   1.0676326E+02
  8.4000000E+02     1   9.9999833E-01   9.9816404E-02   1.0041687E+00   4.9970373E+00   3.5977982E+02   2.0296438E+01   3.4606045E+02
  8.4000000E+02     2   2.9991615E+00   1.9994037E-01   1.9988427E+00   2.5692428E+02   2.7627239E-01   3.5989487E+02   2.5870689E+01
  8.5000000E+02     1   9.9999669E-01   9.9823674E-02   1.0042228E+00   5.0552548E+00   3.5977760E+02   2.0300332E+01   2.6517300E+02
  8.5000000E+02     2   2.9991218E+00   1.9996814E-01   1.9988402E+00   2.2998059E+02   2.8032588E-01   3.5989311E+02   3.0498200E+02
  8.6000000E+02     1   9.9999770E-01   9.9818364E-02   1.0042701E+00   5.1247597E+00   3.5976916E+02   2.0303401E+01   1.8428701E+02
  8.6000000E+02     2   2.9991097E+00   1.9997231E-01   1.9988333E+00   2.0304048E+02   2.7784083E-01   3.5989149E+02   2.2409346E+02
  8.7000000E+02     1   9.9999772E-01   9.9812282E-02   1.0043167E+00   5.1758612E+00   3.5976935E+02   2.0307566E+01   1.0340582E+02
  8.7000000E+02     2   2.9991482E+00   1.9996705E-01   1.9988232E+00   1.7610160E+02   2.7966379E-01   3.5988954E+02   1.4322124E+02
  8.8000000E+02     1   9.9999592E-01   9.9815778E-02   1.0043765E+00   5.2418723E+00   3.5976340E+02   2.0311023E+01   2.2517665E+01
  8.8000000E+02     2   2.9992410E+00   1.9995716E-01   1.9987950E+00   1.4916025E+02   2.7960829E-01   3.5988775E+02   6.2331799E+01
  8.9000000E+02     1   9.9999733E-01   9.9802179E-02   1.0044214E+00   5.3028152E+00   3.5975982E+02   2.0314417E+01   3.0163514E+02
  8.9000000E+02     2   2.9993432E+00   1.9992937E-01   1.9987700E+00   1.2221445E+02   2.8628825E-01   3.5988615E+02   3.4143874E+02
  9.0000000E+02     1   9.9999511E-01   9.9802679E-02   1.0044787E+00   5.3540497E+00   3.5976127E+02   2.0318357E+01   2.2075630E+02
  9.0000000E+02     2   2.9995193E+00   1.9992883E-01   1.9987325E+00   9.5265760E+01   2.9945337E-01   3.5988452E+02   2.6054758E+02
  9.1000000E+02     1   9.9999530E-01   9.9798288E-02   1.0045305E+00   5.4214816E+00   3.5975673E+02   2.0321072E+01   1.3987120E+02
  9.1000000E+02     2   2.9997162E+00   1.9994657E-01   1.9986915E+00   6.8314613E+01   3.1055127E-01   3.5988353E+02   1.7963864E+02
  9.2000000E+02     1   9.9999875E-01   9.9795088E-02   1.0045700E+00   5.4701609E+00   3.5976141E+02   2.0324747E+01   5.8992972E+01
  9.2000000E+02     2   2.9999088E+00   1.9999612E-01   1.9986636E+00   4.1372009E+01   3.1919696E-01   3.5988267E+02   9.8761569E+01
  9.3000000E+02     1   1.0000014E+00   9.9814400E-02   1.0046280E+00   5.5329057E+00   3.5975465E+02   2.0328505E+01   3.3813174E+02
  9.3000000E+02     2   3.0000165E+00   2.0004990E-01   1.9986338E+00   1.4447121E+01   3.0893025E-01   3.5988199E+02   1.7916218E+01
  9.4000000E+02     1   9.9999611E-01   9.9794145E-02   1.0046735E+00   5.6077068E+00   3.5974121E+02   2.0331678E+01   2.5727113E+02
  9.4000000E+02     2   2.9998901E+00   2.0002863E-01   1.9986244E+00   3.4752594E+02   2.9160809E-01   3.5988161E+02   2.9707046E+02
  9.5000000E+02     1   9.9999529E-01   9.9780301E-02   1.0047211E+00   5.6513784E+00   3.5974879E+02   2.0335750E+01   1.7638898E+02
  9.5000000E+02     2   2.9996063E+00   1.9996500E-01   1.9986311E+00   3.2059067E+02   2.9325010E-01   3.5988074E+02   2.1621008E+02
  9.6000000E+02     1   9.9999499E-01   9.9794564E-02   1.0047829E+00   5.7112106E+00   3.5974940E+02   2.0338994E+01   9.5494907E+01
  9.6000000E+02     2   2.9993720E+00   1.9994321E-01   1.9986303E+00   2.9363897E+02   3.0510480E-01   3.5987969E+02   1.3530210E+02
  9.7000000E+02     1   9.9999782E-01   9.9791127E-02   1.0048254E+00   5.7755012E+00   3.5974360E+02   2.0341796E+01   1.4616544E+01
  9.7000000E+02     2   2.9991973E+00   1.9994239E-01   1.9986391E+00   2.6668880E+02   3.1540116E-01   3.5987855E+02   5.4399441E+01
  9.8000000E+02     1   9.9999744E-01   9.9793213E-02   1.0048730E+00   5.8276489E+00   3.5974374E+02   2.0345823E+01   2.9373458E+02
  9.8000000E+02     2   2.9991261E+00   1.9996598E-01   1.9986433E+00   2.3974376E+02   3.2304184E-01   3.5987684E+02   3.3351394E+02
  9.9000000E+02     1   9.9999689E-01   9.9795901E-02   1.0049269E+00   5.8980123E+00   3.5973547E+02   2.0348981E+01   2.1284512E+02
  9.9000000E+02     2   2.9991128E+00   1.9998165E-01   1.9986345E+00   2.1280256E+02   3.2106338E-01   3.5987520E+02   2.5262149E+02
  1.0000000E+03     1   9.9999834E-01   9.9784766E-02   1.0049688E+00   5.9541185E+00   3.5973301E+02   2.0352742E+01   1.3196440E+02
  1.0000000E+03     2   2.9991258E+00   1.9997460E-01   1.9986289E+00   1.8586367E+02   3.2152583E-01   3.5987340E+02   1.7174606E+02
  1.0100000E+03     1   9.9999607E-01   9.9789292E-02   1.0050277E+00   6.0122198E+00   3.5973063E+02   2.0356682E+01   5.1078151E+01
  1.0100000E+03     2   2.9992108E+00   1.9997066E-01   1.9986053E+00   1.5892357E+02   3.2239325E-01   3.5987147E+02   9.0865046E+01
  1.0200000E+03     1   9.9999693E-01   9.9780110E-02   1.0050774E+00   6.0804314E+00   3.5972361E+02   2.0359749E+01   3.3019253E+02
  1.0200000E+03     2   2.9993052E+00   1.9994495E-01   1.9985786E+00   1.3197918E+02   3.2526693E-01   3.5986990E+02   9.9689237E+00
  1.0300000E+03     1   9.9999621E-01   9.9773576E-02   1.0051281E+00   6.1297729E+00   3.5972570E+02   2.0363779E+01   2.4931420E+02
  1.0300000E+03     2   2.9994534E+00   1.9993225E-01   1.9985481E+00   1.0503140E+02   3.3786155E-01   3.5986821E+02   2.8908102E+02
  1.0400000E+03     1   9.9999453E-01   9.9775341E-02   1.0051872E+00   6.1940734E+00   3.5972196E+02   2.0366824E+01   1.6843099E+02
  1.0400000E+03     2   2.9996524E+00   1.9994586E-01   1.9985044E+00   7.8080781E+01   3.4937201E-01   3.5986698E+02   2.0817584E+02
  1.0500000E+03     1   9.9999760E-01   9.9765531E-02   1.0052264E+00   6.2508044E+00   3.5972322E+02   2.0369967E+01   8.7548324E+01
  1.0500000E+03     2   2.9998433E+00   1.9998073E-01   1.9984740E+00   5.1133173E+01   3.6025295E-01   3.5986614E+02   1.2728192E+02
  1.0600000E+03     1   1.0000011E+00   9.9782065E-02   1.0052786E+00   6.3020088E+00   3.5972408E+02   2.0373983E+01   6.6811011E+00
  1.0600000E+03     2   3.0000007E+00   2.0004425E-01   1.9984447E+00   2.4202865E+01   3.5758233E-01   3.5986532E+02   4.6431425E+01
  1.0700000E+03     1   9.9999787E-01   9.9778347E-02   1.0053322E+00   6.3808447E+00   3.5970755E+02   2.0377124E+01   2.8582470E+02
  1.0700000E+03     2   2.9999613E+00   2.0005288E-01   1.9984247E+00   3.5728212E+02   3.3949345E-01   3.5986491E+02   3.2558525E+02
  1.0800000E+03     1   9.9999526E-01   9.9753232E-02   1.0053739E+00   6.4329698E+00   3.5970926E+02   2.0380925E+01   2.0494969E+02
  1.0800000E+03     2   2.9997034E+00   1.9999175E-01   1.9984299E+00   3.3035395E+02   3.3289020E-01   3.5986424E+02   2.4473581E+02
  1.0900000E+03     1   9.9999490E-01   9.9762759E-02   1.0054342E+00   6.4826205E+00   3.5971532E+02   2.0384683E+01   1.2405692E+02
  1.0900000E+03     2   2.9994422E+00   1.9995388E-01   1.9984310E+00   3.0340592E+02   3.4409299E-01   3.5986316E+02   1.6384240E+02
  1.1000000E+03     1   9.9999673E-01   9.9767255E-02   1.0054851E+00   6.5514740E+00   3.5970877E+02   2.0387271E+01   4.3171994E+01
  1.1000000E+03     2   2.9992468E+00   1.9994810E-01   1.9984343E+00   2.7645392E+02   3.5446788E-01   3.5986214E+02   8.2930858E+01
  1.1100000E+03     1   9.9999820E-01   9.9763088E-02   1.0055263E+00   6.6036275E+00   3.5970831E+02   2.0391020E+01   3.2229494E+02
  1.1100000E+03     2   2.9991362E+00   1.9996260E-01   1.9984437E+00   2.4950739E+02   3.6419621E-01   3.5986060E+02   2.0440057E+00
  1.1200000E+03     1   9.9999650E-01   9.9770742E-02   1.0055829E+00   6.6684228E+00   3.5970306E+02   2.0394571E+01   2.4140489E+02
  1.1200000E+03     2   2.9991166E+00   1.9998756E-01   1.9984364E+00   2.2256494E+02   3.6490542E-01   3.5985889E+02   2.8115256E+02
  1.1300000E+03     1   9.9999823E-01   9.9760459E-02   1.0056260E+00   6.7327841E+00   3.5969674E+02   2.0397840E+01   1.6052197E+02
  1.1300000E+03     2   2.9991140E+00   1.9998391E-01   1.9984308E+00   1.9562559E+02   3.6334646E-01   3.5985723E+02   2.0026998E+02
  1.1400000E+03     1   9.9999688E-01   9.9760127E-02   1.0056789E+00   6.7846256E+00   3.5969695E+02   2.0402048E+01   7.9638852E+01
  1.1400000E+03     2   2.9991787E+00   1.9998022E-01   1.9984147E+00   1.6868632E+02   3.6524709E-01   3.5985526E+02   1.1939584E+02
  1.1500000E+03     1   9.9999622E-01   9.9758686E-02   1.0057355E+00   6.8543492E+00   3.5968927E+02   2.0405173E+01   3.5875111E+02
  1.1500000E+03     2   2.9992744E+00   1.9996254E-01   1.9983860E+00   1.4174355E+02   3.6576613E-01   3.5985361E+02   3.8501242E+01
  1.1600000E+03     1   9.9999708E-01   9.9746120E-02   1.0057811E+00   6.9085197E+00   3.5968896E+02   2.0408907E+01   2.7787115E+02
  1.1600000E+03     2   2.9993947E+00   1.9993911E-01   1.9983604E+00   1.1479669E+02   3.7576966E-01   3.5985197E+02   3.1761142E+02
  1.1700000E+03     1   9.9999452E-01   9.9749633E-02   1.0058418E+00   6.9652389E+00   3.5968820E+02   2.0412487E+01   1.9699075E+02
  1.1700000E+03     2   2.9995867E+00   1.9994700E-01   1.9983190E+00   8.7847114E+01   3.8840218E-01   3.5985049E+02   2.3671432E+02
  1.1800000E+03     1   9.9999636E-01   9.9740694E-02   1.0058870E+00   7.0300219E+00   3.5968540E+02   2.0415223E+01   1.1610588E+02
  1.1800000E+03     2   2.9997781E+00   1.9997080E-01   1.9982833E+00   6.0896774E+01   3.9954035E-01   3.5984961E+02   1.5580882E+02
  1.1900000E+03     1   1.0000000E+00   9.9746727E-02   1.0059315E+00   7.0763919E+00   3.5969029E+02   2.0419173E+01   3.5232526E+01
  1.1900000E+03     2   2.9999595E+00   2.0003039E-01   1.9982558E+00   3.3959727E+01   4.0398242E-01   3.5984873E+02   7.4946035E+01
  1.2000000E+03     1   1.0000001E+00   9.9759184E-02   1.0059905E+00   7.1489939E+00   3.5967732E+02   2.0422596E+01   3.1437528E+02
  1.2000000E+03     2   3.0000028E+00   2.0006672E-01   1.9982285E+00   7.0375920E+00   3.8891466E-01   3.5984817E+02   3.5410095E+02
  1.2100000E+03     1   9.9999527E-01   9.9731887E-02   1.0060317E+00   7.2144028E+00   3.5967030E+02   2.0425989E+01   2.3350814E+02
  1.2100000E+03     2   2.9998043E+00   2.0002318E-01   1.9982272E+00   3.4011432E+02   3.7513819E-01   3.5984769E+02   2.7325507E+02
  1.2200000E+03     1   9.9999517E-01   9.9729720E-02   1.0060858E+00   7.2575026E+00   3.5967912E+02   2.0430039E+01   1.5262043E+02
  1.2200000E+03     2   2.9995201E+00   1.9996808E-01   1.9982315E+00   3.1317258E+02   3.8255053E-01   3.5984667E+02   1.9238029E+02
  1.2300000E+03     1   9.9999564E-01   9.9741904E-02   1.0061448E+00   7.3239637E+00   3.5967544E+02   2.0432860E+01   7.1728840E+01
  1.2300000E+03     2   2.9993057E+00   1.9995606E-01   1.9982305E+00   2.8621983E+02   3.9376810E-01   3.5984564E+02   1.1146662E+02
  1.2400000E+03     1   9.9999836E-01   9.9735517E-02   1.0061844E+00   7.3820687E+00   3.5967206E+02   2.0436056E+01   3.5085294E+02
  1.2400000E+03     2   2.9991585E+00   1.9996137E-01   1.9982408E+00   2.5927146E+02   4.0398360E-01   3.5984434E+02   3.0572517E+01
  1.2500000E+03     1   9.9999683E-01   9.9742062E-02   1.0062378E+00   7.4387590E+00   3.5967051E+02   2.0439980E+01   2.6996628E+02
  1.2500000E+03     2   2.9991188E+00   1.9998868E-01   1.9982386E+00   2.3232770E+02   4.0853954E-01   3.5984259E+02   3.0968500E+02
  1.2600000E+03     1   9.9999752E-01   9.9738289E-02   1.0062869E+00   7.5089901E+00   3.5966184E+02   2.0443009E+01   1.8907951E+02
  1.2600000E+03     2   2.9991114E+00   1.9999431E-01   1.9982305E+00   2.0538752E+02   4.0583030E-01   3.5984100E+02   2.2879555E+02
  1.2700000E+03     1   9.9999785E-01   9.9730866E-02   1.0063325E+00   7.5605946E+00   3.5966175E+02   2.0447088E+01   1.0819869E+02
  1.2700000E+03     2   2.9991490E+00   1.9998766E-01   1.9982214E+00   1.7844865E+02   4.0751916E-01   3.5983910E+02   1.4792313E+02
  1.2800000E+03     1   9.9999583E-01   9.9735073E-02   1.0063930E+00   7.6251946E+00   3.5965648E+02   2.0450620E+01   2.7310926E+01
  1.2800000E+03     2   2.9992449E+00   1.9997886E-01   1.9981938E+00   1.5150742E+02   4.0773759E-01   3.5983731E+02   6.7035025E+01
  1.2900000E+03     1   9.9999724E-01   9.9721873E-02   1.0064389E+00   7.6878207E+00   3.5965212E+02   2.0453902E+01   3.0642804E+02
  1.2900000E+03     2   2.9993472E+00   1.9995095E-01   1.9981691E+00   1.2456171E+02   4.1385435E-01   3.5983574E+02   3.4614088E+02
  1.3000000E+03     1   9.9999529E-01   9.9721193E-02   1.0064953E+00   7.7381425E+00   3.5965396E+02   2.0457868E+01   2.2554971E+02
  1.3000000E+03     2   2.9995193E+00   1.9994882E-01   1.9981337E+00   9.7613116E+01   4.2722656E-01   3.5983411E+02   2.6525071E+02
  1.3100000E+03     1   9.9999519E-01   9.9718250E-02   1.0065494E+00   7.8054914E+00   3.5964935E+02   2.0460595E+01   1.4466512E+02
  1.3100000E+03     2   2.9997152E+00   1.9996658E-01   1.9980927E+00   7.0662117E+01   4.3829265E-01   3.5983307E+02   1.8434228E+02
  1.3200000E+03     1   9.9999883E-01   9.9713410E-02   1.0065889E+00   7.8554564E+00   3.5965356E+02   2.0464144E+01   6.3786161E+01
  1.3200000E+03     2   2.9999018E+00   2.0001338E-01   1.9980654E+00   4.3718699E+01   4.4734523E-01   3.5983220E+02   1.0346248E+02
  1.3300000E+03     1   1.0000014E+00   9.9732789E-02   1.0066467E+00   7.9157712E+00   3.5964830E+02   2.0467950E+01   3.4292425E+02
  1.3300000E+03     2   3.0000131E+00   2.0006948E-01   1.9980358E+00   1.6793044E+01   4.3841253E-01   3.5983146E+02   2.2616988E+01
  1.3400000E+03     1   9.9999602E-01   9.9715044E-02   1.0066938E+00   7.9920811E+00   3.5963389E+02   2.0471060E+01   2.6206433E+02
  1.3400000E+03     2   2.9998957E+00   2.0005331E-01   1.9980243E+00   3.4987201E+02   4.2068255E-01   3.5983106E+02   3.0177074E+02
  1.3500000E+03     1   9.9999532E-01   9.9698847E-02   1.0067402E+00   8.0367288E+00   3.5964077E+02   2.0475073E+01   1.8118311E+02
  1.3500000E+03     2   2.9996092E+00   1.9998871E-01   1.9980304E+00   3.2293787E+02   4.2105369E-01   3.5983020E+02   2.2091229E+02
  1.3600000E+03     1   9.9999504E-01   9.9712933E-02   1.0068026E+00   8.0945695E+00   3.5964252E+02   2.0478406E+01   1.0028865E+02
  1.3600000E+03     2   2.9993707E+00   1.9996512E-01   1.9980287E+00   2.9598647E+02   4.3307483E-01   3.5982912E+02   1.4000612E+02
  1.3700000E+03     1   9.9999771E-01   9.9710769E-02   1.0068470E+00   8.1601896E+00   3.5963632E+02   2.0481106E+01   1.9409008E+01
  1.3700000E+03     2   2.9991956E+00   1.9996402E-01   1.9980352E+00   2.6903601E+02   4.4313536E-01   3.5982801E+02   5.9101564E+01
  1.3800000E+03     1   9.9999765E-01   9.9711499E-02   1.0068936E+00   8.2117892E+00   3.5963661E+02   2.0485083E+01   2.9852799E+02
  1.3800000E+03     2   2.9991220E+00   1.9998608E-01   1.9980396E+00   2.4209091E+02   4.5103556E-01   3.5982634E+02   3.3821662E+02
  1.3900000E+03     1   9.9999676E-01   9.9715534E-02   1.0069488E+00   8.2814978E+00   3.5962877E+02   2.0488280E+01   2.1763807E+02
  1.3900000E+03     2   2.9991135E+00   2.0000336E-01   1.9980300E+00   2.1514963E+02   4.4923202E-01   3.5982471E+02   2.5732428E+02
  1.4000000E+03     1   9.9999835E-01   9.9704012E-02   1.0069908E+00   8.3391373E+00   3.5962559E+02   2.0491911E+01   1.3675718E+02
  1.4000000E+03     2   2.9991272E+00   1.9999567E-01   1.9980243E+00   1.8821070E+02   4.4926754E-01   3.5982297E+02   1.7644771E+02
  1.4100000E+03     1   9.9999614E-01   9.9707970E-02   1.0070492E+00   8.3956902E+00   3.5962390E+02   2.0495906E+01   5.5871647E+01
  1.4100000E+03     2   2.9992131E+00   1.9999158E-01   1.9980020E+00   1.6127069E+02   4.5051672E-01   3.5982105E+02   9.5568142E+01
  1.4200000E+03     1   9.9999673E-01   9.9700207E-02   1.0071007E+00   8.4647517E+00   3.5961651E+02   2.0498926E+01   3.3498574E+02
  1.4200000E+03     2   2.9993104E+00   1.9996699E-01   1.9979751E+00   1.3432644E+02   4.5300489E-01   3.5981949E+02   1.4671631E+01
  1.4300000E+03     1   9.9999637E-01   9.9692247E-02   1.0071504E+00   8.5145359E+00   3.5961839E+02   2.0502898E+01   2.5410750E+02
  1.4300000E+03     2   2.9994542E+00   1.9995237E-01   1.9979465E+00   1.0737870E+02   4.6545053E-01   3.5981782E+02   2.9378354E+02
  1.4400000E+03     1   9.9999449E-01   9.9694895E-02   1.0072108E+00   8.5775258E+00   3.5961516E+02   2.0506021E+01   1.7322507E+02
  1.4400000E+03     2   2.9996520E+00   1.9996604E-01   1.9979037E+00   8.0428308E+01   4.7719381E-01   3.5981655E+02   2.1287996E+02
  1.4500000E+03     1   9.9999760E-01   9.9684839E-02   1.0072513E+00   8.6360427E+00   3.5961559E+02   2.0509037E+01   9.2342030E+01
  1.4500000E+03     2   2.9998383E+00   1.9999889E-01   1.9978733E+00   5.3480263E+01   4.8802386E-01   3.5981570E+02   1.3198384E+02
  1.4600000E+03     1   1.0000011E+00   9.9699714E-02   1.0073026E+00   8.6857127E+00   3.5961750E+02   2.0513046E+01   1.1474019E+01
  1.4600000E+03     2   2.9999944E+00   2.0006209E-01   1.9978450E+00   2.6548933E+01   4.8669079E-01   3.5981483E+02   5.1132064E+01
  1.4700000E+03     1   9.9999790E-01   9.9698994E-02   1.0073578E+00   8.7640943E+00   3.5960120E+02   2.0516195E+01   2.9061772E+02
  1.4700000E+03     2   2.9999643E+00   2.0007594E-01   1.9978233E+00   3.5962803E+02   4.6893085E-01   3.5981437E+02   3.3028591E+02
  1.4800000E+03     1   9.9999516E-01   9.9672845E-02   1.0073991E+00   8.8185594E+00   3.5960146E+02   2.0519890E+01   2.0974366E+02
  1.4800000E+03     2   2.9997088E+00   2.0001654E-01   1.9978273E+00   3.3270074E+02   4.6097395E-01   3.5981371E+02   2.4943699E+02
  1.4900000E+03     1   9.9999504E-01   9.9680679E-02   1.0074589E+00   8.8664363E+00   3.5960838E+02   2.0523707E+01   1.2885139E+02
  1.4900000E+03     2   2.9994413E+00   1.9997581E-01   1.9978279E+00   3.0575347E+02   4.7193902E-01   3.5981262E+02   1.6854644E+02
  1.5000000E+03     1   9.9999659E-01   9.9686909E-02   1.0075120E+00   8.9354336E+00   3.5960209E+02   2.0526286E+01   4.7964819E+01
  1.5000000E+03     2   2.9992456E+00   1.9997004E-01   1.9978289E+00   2.7880122E+02   4.8231652E-01   3.5981159E+02   8.7633762E+01
  1.5100000E+03     1   9.9999834E-01   9.9681810E-02   1.0075528E+00   8.9883789E+00   3.5960121E+02   2.0529911E+01   3.2708817E+02
  1.5100000E+03     2   2.9991324E+00   1.9998289E-01   1.9978377E+00   2.5185456E+02   4.9195832E-01   3.5981011E+02   6.7462661E+00
  1.5200000E+03     1   9.9999651E-01   9.9689722E-02   1.0076096E+00   9.0516039E+00   3.5959674E+02   2.0533525E+01   2.4619839E+02
  1.5200000E+03     2   2.9991153E+00   2.0000853E-01   1.9978303E+00   2.2491204E+02   4.9314218E-01   3.5980840E+02   2.8585582E+02
  1.5300000E+03     1   9.9999809E-01   9.9680339E-02   1.0076540E+00   9.1174856E+00   3.5958977E+02   2.0536690E+01   1.6531482E+02
  1.5300000E+03     2   2.9991160E+00   2.0000553E-01   1.9978238E+00   1.9797263E+02   4.9114476E-01   3.5980679E+02   2.0497187E+02
  1.5400000E+03     1   9.9999703E-01   9.9678607E-02   1.0077058E+00   9.1687197E+00   3.5959022E+02   2.0540880E+01   8.4432384E+01
  1.5400000E+03     2   2.9991798E+00   2.0000062E-01   1.9978090E+00   1.7103340E+02   4.9320842E-01   3.5980485E+02   1.2409845E+02
  1.5500000E+03     1   9.9999604E-01   9.9678609E-02   1.0077639E+00   9.2378977E+00   3.5958282E+02   2.0544041E+01   3.5446691E+00
  1.5500000E+03     2   2.9992794E+00   1.9998448E-01   1.9977804E+00   1.4409079E+02   4.9372006E-01   3.5980320E+02   4.3204539E+01
  1.5600000E+03     1   9.9999712E-01   9.9665404E-02   1.0078095E+00   9.2936009E+00   3.5958180E+02   2.0547660E+01   2.8266446E+02
  1.5600000E+03     2   2.9993972E+00   1.9995985E-01   1.9977558E+00   1.1714397E+02   5.0324462E-01   3.5980160E+02   3.2231370E+02
  1.5700000E+03     1   9.9999461E-01   9.9668577E-02   1.0078702E+00   9.3487666E+00   3.5958170E+02   2.0551315E+01   2.0178482E+02
  1.5700000E+03     2   2.9995864E+00   1.9996693E-01   1.9977161E+00   9.0194567E+01   5.1621670E-01   3.5980009E+02   2.4141823E+02
  1.5800000E+03     1   9.9999626E-01   9.9660698E-02   1.0079175E+00   9.4145963E+00   3.5957833E+02   2.0553990E+01   1.2090007E+02
  1.5800000E+03     2   2.9997755E+00   1.9999000E-01   1.9976802E+00   6.3244160E+01   5.2719352E-01   3.5979919E+02   1.6051195E+02
  1.5900000E+03     1   1.0000001E+00   9.9664550E-02   1.0079613E+00   9.4610896E+00   3.5958340E+02   2.0557858E+01   4.0025886E+01
  1.5900000E+03     2   2.9999518E+00   2.0004735E-01   1.9976537E+00   3.6306098E+01   5.3252874E-01   3.5979829E+02   7.9646766E+01
  1.6000000E+03     1   1.0000002E+00   9.9678769E-02   1.0080210E+00   9.5316150E+00   3.5957166E+02   2.0561334E+01   3.1916819E+02
  1.6000000E+03     2   3.0000022E+00   2.0008775E-01   1.9976259E+00   9.3834890E+00   5.1844960E-01   3.5979766E+02   3.5880197E+02
  1.6100000E+03     1   9.9999512E-01   9.9652503E-02   1.0080630E+00   9.5994981E+00   3.5956311E+02   2.0564623E+01   2.3830199E+02
  1.6100000E+03     2   2.9998107E+00   2.0004827E-01   1.9976226E+00   3.4246067E+02   5.0372304E-01   3.5979717E+02   2.7795568E+02
  1.6200000E+03     1   9.9999530E-01   9.9647818E-02   1.0081160E+00   9.6421517E+00   3.5957200E+02   2.0568668E+01   1.5741517E+02
  1.6200000E+03     2   2.9995208E+00   1.9999065E-01   1.9976267E+00   3.1552002E+02   5.1026706E-01   3.5979615E+02   1.9708367E+02
  1.6300000E+03     1   9.9999558E-01   9.9661011E-02   1.0081766E+00   9.7073112E+00   3.5956926E+02   2.0571558E+01   7.6522404E+01
  1.6300000E+03     2   2.9993046E+00   1.9997791E-01   1.9976240E+00   2.8856725E+02   5.2170116E-01   3.5979510E+02   1.1617043E+02
  1.6400000E+03     1   9.9999835E-01   9.9654913E-02   1.0082170E+00   9.7669675E+00   3.5956522E+02   2.0574612E+01   3.5564595E+02
  1.6400000E+03     2   2.9991558E+00   1.9998229E-01   1.9976325E+00   2.6161865E+02   5.3164004E-01   3.5979385E+02   3.5274639E+01
  1.6500000E+03     1   9.9999699E-01   9.9660535E-02   1.0082695E+00   9.8222549E+00   3.5956427E+02   2.0578553E+01   2.7476018E+02
  1.6500000E+03     2   2.9991157E+00   2.0000888E-01   1.9976307E+00   2.3467485E+02   5.3666758E-01   3.5979212E+02   3.1438825E+02
  1.6600000E+03     1   9.9999733E-01   9.9658354E-02   1.0083204E+00   9.8929508E+00   3.5955551E+02   2.0581559E+01   1.9387264E+02
  1.6600000E+03     2   2.9991132E+00   2.0001609E-01   1.9976214E+00   2.0773458E+02   5.3380437E-01   3.5979055E+02   2.3349807E+02
  1.6700000E+03     1   9.9999796E-01   9.9649711E-02   1.0083653E+00   9.9453178E+00   3.5955502E+02   2.0585539E+01   1.1299211E+02
  1.6700000E+03     2   2.9991500E+00   2.0000812E-01   1.9976130E+00   1.8079571E+02   5.3528332E-01   3.5978871E+02   1.5262524E+02
  1.6800000E+03     1   9.9999577E-01   9.9654385E-02   1.0084263E+00   1.0008386E+01   3.5955047E+02   2.0589147E+01   3.2104808E+01
  1.6800000E+03     2   2.9992486E+00   2.0000019E-01   1.9975862E+00   1.5385461E+02   5.3581944E-01   3.5978691E+02   7.1738575E+01
  1.6900000E+03     1   9.9999712E-01   9.9641837E-02   1.0084733E+00   1.0072614E+01   3.5954537E+02   2.0592325E+01   3.1122156E+02
  1.6900000E+03     2   2.9993515E+00   1.9997242E-01   1.9975616E+00   1.2690899E+02   5.4138232E-01   3.5978538E+02   3.5084343E+02
  1.7000000E+03     1   9.9999547E-01   9.9639845E-02   1.0085288E+00   1.0122264E+01   3.5954751E+02   2.0596301E+01   2.3034367E+02
  1.7000000E+03     2   2.9995193E+00   1.9996856E-01   1.9975283E+00   9.9960479E+01   5.5490337E-01   3.5978374E+02   2.6995401E+02
  1.7100000E+03     1   9.9999508E-01   9.9638322E-02   1.0085850E+00   1.0189243E+01   3.5954296E+02   2.0599058E+01   1.4945964E+02
  1.7100000E+03     2   2.9997141E+00   1.9998641E-01   1.9974875E+00   7.3009648E+01   5.6599715E-01   3.5978267E+02   1.8904635E+02
  1.7200000E+03     1   9.9999889E-01   9.9632069E-02   1.0086247E+00   1.0240684E+01   3.5954658E+02   2.0602476E+01   6.8579989E+01
  1.7200000E+03     2   2.9998950E+00   2.0003057E-01   1.9974608E+00   4.6065478E+01   5.7534980E-01   3.5978179E+02   1.0816383E+02
  1.7300000E+03     1   1.0000014E+00   9.9651144E-02   1.0086821E+00   1.0298645E+01   3.5954278E+02   2.0606322E+01   3.4771736E+02
  1.7300000E+03     2   3.0000090E+00   2.0008849E-01   1.9974317E+00   1.9139002E+01   5.6778019E-01   3.5978099E+02   2.7318027E+01
  1.7400000E+03     1   9.9999595E-01   9.9636114E-02   1.0087309E+00   1.0376128E+01   3.5952761E+02   2.0609382E+01   2.6685806E+02
  1.7400000E+03     2   2.9999010E+00   2.0007755E-01   1.9974181E+00   3.5221805E+02   5.4978082E-01   3.5978056E+02   3.0647138E+02
  1.7500000E+03     1   9.9999533E-01   9.9617734E-02   1.0087763E+00   1.0422072E+01   3.5953362E+02   2.0613323E+01   1.8597776E+02
  1.7500000E+03     2   2.9996125E+00   2.0001243E-01   1.9974236E+00   3.2528503E+02   5.4882021E-01   3.5977970E+02   2.2561459E+02
  1.7600000E+03     1   9.9999511E-01   9.9631329E-02   1.0088390E+00   1.0477859E+01   3.5953651E+02   2.0616743E+01   1.0508311E+02
  1.7600000E+03     2   2.9993693E+00   1.9998674E-01   1.9974210E+00   2.9833401E+02   5.6097292E-01   3.5977859E+02   1.4471048E+02
  1.7700000E+03     1   9.9999759E-01   9.9630616E-02   1.0088854E+00   1.0544642E+01   3.5953001E+02   2.0619359E+01   2.4202059E+01
  1.7700000E+03     2   2.9991940E+00   1.9998553E-01   1.9974251E+00   2.7138325E+02   5.7084031E-01   3.5977751E+02   6.3804089E+01
  1.7800000E+03     1   9.9999785E-01   9.9629985E-02   1.0089309E+00   1.0595960E+01   3.5953033E+02   2.0623269E+01   3.0332195E+02
  1.7800000E+03     2   2.9991180E+00   2.0000596E-01   1.9974296E+00   2.4443808E+02   5.7892899E-01   3.5977588E+02   3.4291951E+02
  1.7900000E+03     1   9.9999665E-01   9.9635204E-02   1.0089873E+00   1.0664769E+01   3.5952302E+02   2.0626515E+01   2.2243169E+02
  1.7900000E+03     2   2.9991140E+00   2.0002474E-01   1.9974192E+00   2.1749672E+02   5.7737245E-01   3.5977426E+02   2.6202749E+02
  1.8000000E+03     1   9.9999832E-01   9.9623551E-02   1.0090297E+00   1.0724035E+01   3.5951908E+02   2.0630015E+01   1.4155052E+02
  1.8000000E+03     2   2.9991289E+00   2.0001666E-01   1.9974132E+00   1.9055776E+02   5.7694977E-01   3.5977257E+02   1.8114967E+02
  1.8100000E+03     1   9.9999623E-01   9.9626717E-02   1.0090874E+00   1.0779151E+01   3.5951804E+02   2.0634053E+01   6.0665730E+01
  1.8100000E+03     2   2.9992152E+00   2.0001216E-01   1.9973923E+00   1.6361783E+02   5.7855747E-01   3.5977067E+02   1.0027147E+02
  1.8200000E+03     1   9.9999653E-01   9.9620472E-02   1.0091407E+00   1.0848803E+01   3.5951040E+02   2.0637043E+01   3.3977959E+02
  1.8200000E+03     2   2.9993156E+00   1.9998884E-01   1.9973651E+00   1.3667372E+02   5.8072353E-01   3.5976912E+02   1.9374776E+01
  1.8300000E+03     1   9.9999652E-01   9.9611166E-02   1.0091896E+00   1.0899296E+01   3.5951195E+02   2.0640941E+01   2.5890135E+02
  1.8300000E+03     2   2.9994552E+00   1.9997235E-01   1.9973382E+00   1.0972602E+02   5.9294338E-01   3.5976748E+02   2.9848628E+02
  1.8400000E+03     1   9.9999448E-01   9.9614478E-02   1.0092510E+00   1.0960831E+01   3.5950931E+02   2.0644149E+01   1.7801972E+02
  1.8400000E+03     2   2.9996516E+00   1.9998593E-01   1.9972966E+00   8.2775842E+01   6.0496571E-01   3.5976617E+02   2.1758437E+02
  1.8500000E+03     1   9.9999756E-01   9.9604469E-02   1.0092930E+00   1.1021076E+01   3.5950890E+02   2.0647046E+01   9.7136390E+01
  1.8500000E+03     2   2.9998337E+00   2.0001704E-01   1.9972661E+00   5.5827430E+01   6.1570214E-01   3.5976531E+02   1.3668627E+02
  1.8600000E+03     1   1.0000012E+00   9.9617486E-02   1.0093434E+00   1.1069506E+01   3.5951172E+02   2.0651034E+01   1.6267553E+01
  1.8600000E+03     2   2.9999876E+00   2.0007949E-01   1.9972389E+00   2.8895063E+01   6.1563896E-01   3.5976441E+02   5.5832973E+01
  1.8700000E+03     1   9.9999794E-01   9.9619646E-02   1.0094001E+00   1.1147066E+01   3.5949587E+02   2.0654204E+01   2.9541127E+02
  1.8700000E+03     2   2.9999666E+00   2.0009844E-01   1.9972158E+00   1.9739523E+00   5.9834697E-01   3.5976388E+02   3.3498695E+02
  1.8800000E+03     1   9.9999503E-01   9.9592822E-02   1.0094412E+00   1.1204005E+01   3.5949460E+02   2.0657788E+01   2.1453815E+02
  1.8800000E+03     2   2.9997145E+00   2.0004126E-01   1.9972184E+00   3.3504747E+02   5.8907114E-01   3.5976323E+02   2.5413833E+02
  1.8900000E+03     1   9.9999520E-01   9.9598732E-02   1.0095003E+00   1.1250291E+01   3.5950226E+02   2.0661653E+01   1.3364650E+02
  1.8900000E+03     2   2.9994405E+00   1.9999756E-01   1.9972188E+00   3.0810103E+02   5.9969310E-01   3.5976212E+02   1.7325070E+02
  1.9000000E+03     1   9.9999646E-01   9.9606646E-02   1.0095556E+00   1.1319136E+01   3.5949639E+02   2.0664241E+01   5.2758308E+01
  1.9000000E+03     2   2.9992446E+00   1.9999175E-01   1.9972175E+00   2.8114856E+02   6.1013749E-01   3.5976108E+02   9.2337130E+01
  1.9100000E+03     1   9.9999845E-01   9.9600812E-02   1.0095962E+00   1.1373097E+01   3.5949499E+02   2.0667732E+01   3.3188190E+02
  1.9100000E+03     2   2.9991289E+00   2.0000308E-01   1.9972254E+00   2.5420176E+02   6.1963667E-01   3.5975966E+02   1.1448750E+01
  1.9200000E+03     1   9.9999656E-01   9.9608725E-02   1.0096529E+00   1.1434692E+01   3.5949130E+02   2.0671405E+01   2.5099254E+02
  1.9200000E+03     2   2.9991138E+00   2.0002914E-01   1.9972179E+00   2.2725917E+02   6.2131795E-01   3.5975796E+02   2.9055940E+02
  1.9300000E+03     1   9.9999794E-01   9.9600453E-02   1.0096988E+00   1.1501955E+01   3.5948378E+02   2.0674480E+01   1.7010827E+02
  1.9300000E+03     2   2.9991182E+00   2.0002702E-01   1.9972102E+00   2.0031969E+02   6.1891509E-01   3.5975639E+02   2.0967417E+02
  1.9400000E+03     1   9.9999718E-01   9.9597268E-02   1.0097494E+00   1.1552846E+01   3.5948432E+02   2.0678633E+01   8.9226467E+01
  1.9400000E+03     2   2.9991810E+00   2.0002078E-01   1.9971968E+00   1.7338050E+02   6.2106791E-01   3.5975449E+02   1.2880127E+02
  1.9500000E+03     1   9.9999588E-01   9.9598587E-02   1.0098090E+00   1.1621221E+01   3.5947733E+02   2.0681844E+01   8.3388635E+00
  1.9500000E+03     2   2.9992842E+00   2.0000613E-01   1.9971683E+00   1.4643805E+02   6.2164666E-01   3.5975284E+02   4.7908237E+01
  1.9600000E+03     1   9.9999713E-01   9.9584985E-02   1.0098547E+00   1.1678566E+01   3.5947555E+02   2.0685344E+01   2.8745837E+02
  1.9600000E+03     2   2.9994000E+00   1.9998052E-01   1.9971445E+00   1.1949128E+02   6.3065129E-01   3.5975127E+02   3.2701631E+02
  1.9700000E+03     1   9.9999474E-01   9.9587577E-02   1.0099151E+00   1.1732271E+01   3.5947608E+02   2.0689066E+01   2.0657944E+02
  1.9700000E+03     2   2.9995860E+00   1.9998655E-01   1.9971068E+00   9.2542022E+01   6.4395132E-01   3.5974974E+02   2.4612234E+02
  1.9800000E+03     1   9.9999615E-01   9.9580918E-02   1.0099647E+00   1.1798890E+01   3.5947224E+02   2.0691697E+01   1.2569491E+02
  1.9800000E+03     2   2.9997731E+00   2.0000914E-01   1.9970706E+00   6.5591598E+01   6.5479493E-01   3.5974881E+02   1.6521557E+02
  1.9900000E+03     1   1.0000002E+00   9.9582649E-02   1.0100079E+00   1.1845823E+01   3.5947732E+02   2.0695471E+01   4.4819871E+01
  1.9900000E+03     2   2.9999442E+00   2.0006407E-01   1.9970452E+00   3.8652556E+01   6.6090432E-01   3.5974789E+02   8.4347853E+01
  2.0000000E+03     1   1.0000002E+00   9.9598274E-02   1.0100680E+00   1.1914108E+01   3.5946692E+02   2.0699003E+01   3.2396168E+02
  2.0000000E+03     2   3.0000009E+00   2.0010818E-01   1.9970171E+00   1.1729411E+01   6.4790991E-01   3.5974720E+02   3.5033119E+00
